Frequency_Hz,Magnitude_dB
10000000.0,-54.92916956976168
14998333.3333,-62.16348791793447
19996666.6667,-62.06361164787755
24995000.0,-63.92062331017695
29993333.3333,-61.7379763485231
34991666.6667,-64.79243422313156
39990000.0,-62.308578663492156
44988333.3333,-65.41891783416804
49986666.6667,-64.47347505845539
54985000.0,-64.68789593246268
59983333.3333,-62.5835582814593
64981666.6667,-65.35968407822281
69980000.0,-61.86777777741518
74978333.3333,-61.488889481836466
79976666.6667,-63.83216586445413
84975000.0,-61.857807545308376
89973333.3333,-64.28363713746515
94971666.6667,-64.05578952138734
99970000.0,-62.08106908040632
104968333.333,-61.896499848324176
109966666.667,-61.129229360651685
114965000.0,-62.23345622285164
119963333.333,-62.461539175471124
124961666.667,-62.30959340007607
129960000.0,-61.11330171983709
134958333.333,-62.6139614420887
139956666.667,-60.08779939206812
144955000.0,-61.89073212573288
149953333.333,-63.6378229056982
154951666.667,-61.94975547520234
159950000.0,-63.49650321146748
164948333.333,-63.56198633752762
169946666.667,-61.13723112790838
174945000.0,-64.30806139781156
179943333.333,-61.861843916572816
184941666.667,-63.51995706851462
189940000.0,-62.749866896260905
194938333.333,-62.31378869534705
199936666.667,-62.35216524993106
204935000.0,-62.05070025087217
209933333.333,-63.7714790855615
214931666.667,-63.56508327866611
219930000.0,-62.69766962293393
224928333.333,-62.13622288601329
229926666.667,-62.908094825945724
234925000.0,-63.552480898605516
239923333.333,-63.14951883843506
244921666.667,-62.776473210295364
249920000.0,-63.32413435829129
254918333.333,-61.953775281188555
259916666.667,-63.58317427067371
264915000.0,-62.84371035955082
269913333.333,-62.675407504386165
274911666.667,-63.51232563108785
279910000.0,-62.254120502886316
284908333.333,-63.06789858556567
289906666.667,-63.277078083857006
294905000.0,-62.7514553657436
299903333.333,-62.34007802767135
304901666.667,-62.494703937115226
309900000.0,-62.38414697517576
314898333.333,-65.72722544452009
319896666.667,-63.35269716135954
324895000.0,-62.20950665679478
329893333.333,-62.556200818781804
334891666.667,-63.342997930336196
339890000.0,-62.6143557948199
344888333.333,-62.518842036852185
349886666.667,-63.65408845996882
354885000.0,-63.70913458414918
359883333.333,-64.76400252878105
364881666.667,-64.26778839692231
369880000.0,-62.16304900430886
374878333.333,-63.21383103513314
379876666.667,-62.41753616315653
384875000.0,-64.10619171346256
389873333.333,-64.69094807290605
394871666.667,-63.54799325709226
399870000.0,-63.489373238127165
404868333.333,-61.797206223098755
409866666.667,-62.14151596969046
414865000.0,-63.75285172469606
419863333.333,-64.08271627416951
424861666.667,-62.78773631646806
429860000.0,-64.24686805113576
434858333.333,-62.1423436675849
439856666.667,-62.92769334872115
444855000.0,-63.213634419216106
449853333.333,-63.873713246795376
454851666.667,-62.03522048063773
459850000.0,-62.21057275722541
464848333.333,-62.83543969418933
469846666.667,-63.339128575346386
474845000.0,-61.96052067298666
479843333.333,-61.660499062489734
484841666.667,-61.80209414320061
489840000.0,-62.83778318867844
494838333.333,-63.53501244297032
499836666.667,-63.14544291008553
504835000.0,-62.49029375116451
509833333.333,-62.654673833079315
514831666.667,-62.3158184969962
519830000.0,-61.45230431432993
524828333.333,-62.49781689707255
529826666.667,-62.828094568308174
534825000.0,-62.47507037786689
539823333.333,-62.856386556506024
544821666.667,-62.39870816765744
549820000.0,-61.86808238021597
554818333.333,-63.02768488312647
559816666.667,-63.14886544515338
564815000.0,-63.29098654310913
569813333.333,-62.76282120325334
574811666.667,-62.50292467219657
579810000.0,-61.87578279233203
584808333.333,-63.445145093078025
589806666.667,-62.84159555142295
594805000.0,-62.46119879812032
599803333.333,-61.532543857348244
604801666.667,-62.70861531662143
609800000.0,-62.78561153938779
614798333.333,-61.90960953361768
619796666.667,-62.674510980389144
624795000.0,-63.49318546362298
629793333.333,-61.73680959672234
634791666.667,-62.40253004453386
639790000.0,-62.47125523188665
644788333.333,-61.72991741296138
649786666.667,-63.31253297167862
654785000.0,-61.200639751794846
659783333.333,-62.134458579849436
664781666.667,-61.98194537128579
669780000.0,-61.54346721572972
674778333.333,-61.297338422167435
679776666.667,-62.3802633842964
684775000.0,-63.127229788936326
689773333.333,-62.23509255321589
694771666.667,-62.043796087958896
699770000.0,-62.01323349063994
704768333.333,-60.68442025230144
709766666.667,-62.31705735126566
714765000.0,-62.3039267197028
719763333.333,-61.98765559193633
724761666.667,-62.515040894402304
729760000.0,-62.264556252071486
734758333.333,-61.37683693858634
739756666.667,-62.10915328213275
744755000.0,-62.04372565064776
749753333.333,-62.25285691813535
754751666.667,-61.90948429637839
759750000.0,-61.408574314187085
764748333.333,-62.17317544895688
769746666.667,-61.38075347447567
774745000.0,-62.65026461110503
779743333.333,-62.35376474140481
784741666.667,-62.38072076989363
789740000.0,-61.507421108067184
794738333.333,-62.29332607548741
799736666.667,-62.06192435938437
804735000.0,-62.570966503104
809733333.333,-62.46238499525903
814731666.667,-62.01985520343836
819730000.0,-61.40123711595284
824728333.333,-62.22785413903652
829726666.667,-62.12385417006157
834725000.0,-61.90978086428024
839723333.333,-62.06293520216384
844721666.667,-61.872673488561546
849720000.0,-61.856907471284934
854718333.333,-61.84227077267618
859716666.667,-61.72303290905768
864715000.0,-61.764904553725415
869713333.333,-62.17397425260606
874711666.667,-61.167431369207534
879710000.0,-61.08533146522181
884708333.333,-61.65258451286776
889706666.667,-61.90009080776379
894705000.0,-61.64300389880771
899703333.333,-61.43613851813387
904701666.667,-61.261153041059295
909700000.0,-61.84726867964066
914698333.333,-61.317188764848744
919696666.667,-61.16269208464436
924695000.0,-60.9688416281636
929693333.333,-60.7210949358342
934691666.667,-61.23786736710777
939690000.0,-60.958392180064195
944688333.333,-61.29612824536555
949686666.667,-61.359639547911016
954685000.0,-60.0225675182664
959683333.333,-61.44258385924039
964681666.667,-61.088341755069386
969680000.0,-61.29055789357193
974678333.333,-60.431470932071534
979676666.667,-60.99449075416537
984675000.0,-61.40536004770641
989673333.333,-60.19838923937269
994671666.667,-60.828976275085516
999670000.0,-59.885632853448925
1004668333.33,-61.092087793148465
1009666666.67,-61.29601801095835
1014665000.0,-61.042798744128305
1019663333.33,-61.78874733223565
1024661666.67,-61.31024966556433
1029660000.0,-61.235607602504686
1034658333.33,-60.602074200203106
1039656666.67,-60.77476248022238
1044655000.0,-61.216463046443145
1049653333.33,-61.282565157776425
1054651666.67,-61.315108123886645
1059650000.0,-61.56862423988561
1064648333.33,-61.028950290373245
1069646666.67,-60.74340837008542
1074645000.0,-60.544292587050634
1079643333.33,-61.27347350180897
1084641666.67,-61.02980534436437
1089640000.0,-61.551424331869136
1094638333.33,-60.86957034555417
1099636666.67,-60.67092670696866
1104635000.0,-61.01023408859356
1109633333.33,-61.49113063213691
1114631666.67,-60.043589070565645
1119630000.0,-60.556082799148825
1124628333.33,-61.18938877523434
1129626666.67,-61.171382394321355
1134625000.0,-61.80027518161394
1139623333.33,-60.97559867698267
1144621666.67,-61.15607818426678
1149620000.0,-61.43977229050968
1154618333.33,-60.877338753331955
1159616666.67,-60.453747753722446
1164615000.0,-60.52339448486977
1169613333.33,-60.74036853132009
1174611666.67,-60.87997415972911
1179610000.0,-61.549811374269595
1184608333.33,-60.778253997602356
1189606666.67,-60.33338664835281
1194605000.0,-60.951612907183524
1199603333.33,-60.43786287204627
1204601666.67,-60.365360260834805
1209600000.0,-60.67574793025016
1214598333.33,-60.35316869911446
1219596666.67,-60.943528087981974
1224595000.0,-60.304235959820325
1229593333.33,-60.25608865770292
1234591666.67,-59.827784234324184
1239590000.0,-60.35909544293438
1244588333.33,-60.470892405420365
1249586666.67,-60.112753285376044
1254585000.0,-59.996990607924864
1259583333.33,-59.88697570165599
1264581666.67,-59.963631020358946
1269580000.0,-60.57069578564735
1274578333.33,-60.89728596209799
1279576666.67,-60.249598364016954
1284575000.0,-60.61749120192615
1289573333.33,-60.2234212624968
1294571666.67,-60.885145105469256
1299570000.0,-60.21129304623359
1304568333.33,-60.5506889435232
1309566666.67,-59.60900159157806
1314565000.0,-60.27261377037518
1319563333.33,-60.15531621044076
1324561666.67,-59.99905843363362
1329560000.0,-60.076788592128366
1334558333.33,-60.78225421136001
1339556666.67,-59.34885416125142
1344555000.0,-59.71349116039154
1349553333.33,-59.92269039042826
1354551666.67,-60.37930066444556
1359550000.0,-60.508966032458524
1364548333.33,-59.81824305187465
1369546666.67,-61.11702486894242
1374545000.0,-60.514557629392705
1379543333.33,-60.07362385517115
1384541666.67,-60.68665208553939
1389540000.0,-60.40068841006921
1394538333.33,-60.34101996013301
1399536666.67,-60.27276744085542
1404535000.0,-59.98610106754984
1409533333.33,-60.43043510127288
1414531666.67,-60.3390176756714
1419530000.0,-60.33001306535296
1424528333.33,-59.74709081058614
1429526666.67,-60.03491554822686
1434525000.0,-60.075008894673246
1439523333.33,-59.56431932027406
1444521666.67,-60.344737624652545
1449520000.0,-60.00494243085121
1454518333.33,-60.27801340436055
1459516666.67,-60.06173409204342
1464515000.0,-60.29620167174207
1469513333.33,-59.520316754023604
1474511666.67,-60.125971494232374
1479510000.0,-59.20467306000792
1484508333.33,-59.93514762237484
1489506666.67,-59.99413409452377
1494505000.0,-59.02242356339035
1499503333.33,-59.33359338497453
1504501666.67,-59.74650090329776
1509500000.0,-59.78938640623323
1514498333.33,-59.634977521462595
1519496666.67,-59.202994151479366
1524495000.0,-59.70617955229056
1529493333.33,-59.53076497715887
1534491666.67,-59.25576729128002
1539490000.0,-59.09561442086438
1544488333.33,-59.93791320447879
1549486666.67,-59.45194745725064
1554485000.0,-59.39519157086068
1559483333.33,-59.760342677077475
1564481666.67,-59.15510418398963
1569480000.0,-59.31749643209174
1574478333.33,-60.115897311998424
1579476666.67,-59.19229148221167
1584475000.0,-59.95871746024805
1589473333.33,-59.59983858273958
1594471666.67,-60.0971733874432
1599470000.0,-59.32090143993616
1604468333.33,-59.68209885208303
1609466666.67,-58.87524273430692
1614465000.0,-60.173648371812114
1619463333.33,-59.6905438160928
1624461666.67,-59.96213600029225
1629460000.0,-59.36386584132674
1634458333.33,-59.389926558358596
1639456666.67,-59.87831599985519
1644455000.0,-59.029336962201484
1649453333.33,-59.38952607896905
1654451666.67,-59.56234800504606
1659450000.0,-59.37964238312403
1664448333.33,-59.58268933323754
1669446666.67,-59.59776491855186
1674445000.0,-59.79325159812028
1679443333.33,-59.59615474910955
1684441666.67,-59.359343366641504
1689440000.0,-59.67045712418805
1694438333.33,-59.963207252730655
1699436666.67,-60.07330452491254
1704435000.0,-59.597048739063005
1709433333.33,-60.11527368803323
1714431666.67,-59.51384968445388
1719430000.0,-60.151079712949844
1724428333.33,-58.93059661081102
1729426666.67,-59.482217278520686
1734425000.0,-59.18078521860853
1739423333.33,-59.5919799711255
1744421666.67,-59.6169211719471
1749420000.0,-59.1368042864533
1754418333.33,-58.707271000603605
1759416666.67,-59.635744562959545
1764415000.0,-59.32249405970726
1769413333.33,-59.50302043402629
1774411666.67,-59.52421507530214
1779410000.0,-59.314495648593
1784408333.33,-59.23190578259661
1789406666.67,-59.163276440813775
1794405000.0,-59.359133443424966
1799403333.33,-59.19125045944779
1804401666.67,-58.76956955818714
1809400000.0,-58.74097516198711
1814398333.33,-58.910752247169825
1819396666.67,-59.19173894876415
1824395000.0,-59.505887721978574
1829393333.33,-59.096359068623876
1834391666.67,-59.47707748707502
1839390000.0,-59.12308228834445
1844388333.33,-59.410942838887024
1849386666.67,-59.800251786172964
1854385000.0,-58.93638911775139
1859383333.33,-59.38776912692232
1864381666.67,-59.28553392673103
1869380000.0,-58.99171356922981
1874378333.33,-59.996121441618506
1879376666.67,-59.15341682507272
1884375000.0,-58.90249812660503
1889373333.33,-59.02225220640068
1894371666.67,-59.266881492580595
1899370000.0,-59.35745722104465
1904368333.33,-58.756757730007614
1909366666.67,-58.84233351305206
1914365000.0,-59.45983134331449
1919363333.33,-58.695511129407876
1924361666.67,-59.04420500279422
1929360000.0,-59.40670711732772
1934358333.33,-59.1842827685117
1939356666.67,-58.78142652727348
1944355000.0,-59.36742283627835
1949353333.33,-58.71422657877127
1954351666.67,-59.038611329902615
1959350000.0,-58.98089655585051
1964348333.33,-58.72065183374755
1969346666.67,-59.25821829150503
1974345000.0,-58.890369224302276
1979343333.33,-58.64181864401373
1984341666.67,-58.67524932218764
1989340000.0,-58.58934618824144
1994338333.33,-58.49333341597045
1999336666.67,-59.197897673721876
2004335000.0,-58.633256498421964
2009333333.33,-58.246268751404536
2014331666.67,-58.68672310245558
2019330000.0,-59.11249038601192
2024328333.33,-59.650229255884796
2029326666.67,-58.79819044595321
2034325000.0,-59.19656558939428
2039323333.33,-58.97213386453838
2044321666.67,-58.88423077882774
2049320000.0,-58.66687615737909
2054318333.33,-59.350789197783584
2059316666.67,-59.008433546079345
2064315000.0,-59.46461761862742
2069313333.33,-58.99252007134021
2074311666.67,-58.76313668798233
2079310000.0,-58.52638240904993
2084308333.33,-58.64266456981264
2089306666.67,-58.35477894811261
2094305000.0,-59.036904209310165
2099303333.33,-58.403305554309064
2104301666.67,-58.2289685452313
2109300000.0,-58.320591868528915
2114298333.33,-58.80149080158611
2119296666.67,-58.58850547805504
2124295000.0,-58.58613653530774
2129293333.33,-58.58608809728058
2134291666.67,-58.398186229375796
2139290000.0,-58.801492363000385
2144288333.33,-58.73655865817384
2149286666.67,-58.40444405308898
2154285000.0,-58.957712177150896
2159283333.33,-58.25854432766734
2164281666.67,-58.69409036170922
2169280000.0,-58.7411433653849
2174278333.33,-57.906582063205256
2179276666.67,-58.03297271746656
2184275000.0,-58.82022581087852
2189273333.33,-58.06337621303254
2194271666.67,-58.37900554013445
2199270000.0,-58.13818908829131
2204268333.33,-57.928987753140085
2209266666.67,-58.26025925460344
2214265000.0,-58.44345342527269
2219263333.33,-58.08640645733444
2224261666.67,-58.440021813511144
2229260000.0,-58.19191534521796
2234258333.33,-57.90972686325044
2239256666.67,-58.720207064850705
2244255000.0,-58.21425218018203
2249253333.33,-58.13979129119645
2254251666.67,-58.19995370874413
2259250000.0,-58.09033220048298
2264248333.33,-58.44052802450869
2269246666.67,-58.26409908238003
2274245000.0,-58.550247942130994
2279243333.33,-57.98059278018825
2284241666.67,-57.83147473559567
2289240000.0,-58.044564855876295
2294238333.33,-58.01180171088553
2299236666.67,-58.040012484472925
2304235000.0,-57.98931352477818
2309233333.33,-58.19415816961715
2314231666.67,-57.63276199038721
2319230000.0,-58.4336321221227
2324228333.33,-57.96724945437899
2329226666.67,-58.34640437502767
2334225000.0,-57.8187260394304
2339223333.33,-58.213814695502755
2344221666.67,-57.613222852404746
2349220000.0,-57.757822704271724
2354218333.33,-58.097274708430724
2359216666.67,-57.898013793206296
2364215000.0,-58.23292285819639
2369213333.33,-57.645407058149175
2374211666.67,-58.01723429655836
2379210000.0,-57.859223390311605
2384208333.33,-57.907311705535136
2389206666.67,-57.877095383933124
2394205000.0,-57.80897307210668
2399203333.33,-57.62159617423089
2404201666.67,-57.96823250599242
2409200000.0,-57.488787379461776
2414198333.33,-57.47066396610371
2419196666.67,-58.104465697615325
2424195000.0,-57.8812468579966
2429193333.33,-57.68519767344137
2434191666.67,-57.18677996219472
2439190000.0,-57.834378221619964
2444188333.33,-57.5536680876398
2449186666.67,-56.868775373298284
2454185000.0,-57.34097531492417
2459183333.33,-57.24251633398382
2464181666.67,-57.584027517853976
2469180000.0,-57.64845340876249
2474178333.33,-57.48882709655451
2479176666.67,-57.27885758349636
2484175000.0,-57.0215841031911
2489173333.33,-57.1239306274607
2494171666.67,-57.2847970337125
2499170000.0,-57.00467381003956
2504168333.33,-57.07446869950545
2509166666.67,-56.7703159587509
2514165000.0,-57.248321874698725
2519163333.33,-57.07822389113104
2524161666.67,-56.76658351483324
2529160000.0,-57.17989814836906
2534158333.33,-56.926509713627844
2539156666.67,-57.2904679749914
2544155000.0,-57.361961051017765
2549153333.33,-57.27416355863026
2554151666.67,-57.04993137928937
2559150000.0,-57.42512968529225
2564148333.33,-57.07619902815226
2569146666.67,-56.96887958570358
2574145000.0,-57.168379598137435
2579143333.33,-57.32841988575623
2584141666.67,-57.23958244968622
2589140000.0,-56.91891042358807
2594138333.33,-57.62017505734653
2599136666.67,-57.076915506809016
2604135000.0,-56.90111480482797
2609133333.33,-57.39848734419319
2614131666.67,-57.09431547125398
2619130000.0,-57.251013673136896
2624128333.33,-57.12296875464011
2629126666.67,-57.50171635009252
2634125000.0,-57.142710114138985
2639123333.33,-56.76916943385743
2644121666.67,-56.85639551745561
2649120000.0,-57.221689084176994
2654118333.33,-56.788781560825036
2659116666.67,-57.38404910325633
2664115000.0,-57.021658371180735
2669113333.33,-57.05613546903396
2674111666.67,-56.90862919498755
2679110000.0,-56.922326526270155
2684108333.33,-56.95215778429314
2689106666.67,-56.89563937190219
2694105000.0,-56.9414781665667
2699103333.33,-57.08984640660876
2704101666.67,-56.73189518784355
2709100000.0,-57.04741538903974
2714098333.33,-56.82658039930155
2719096666.67,-57.04821037165938
2724095000.0,-56.64534896792742
2729093333.33,-56.731125196233016
2734091666.67,-57.097077812359196
2739090000.0,-56.8070041711634
2744088333.33,-56.85013187165063
2749086666.67,-56.79268567992602
2754085000.0,-56.93855415801718
2759083333.33,-56.503525412613705
2764081666.67,-56.73700180848192
2769080000.0,-56.58333273424468
2774078333.33,-56.814677274740255
2779076666.67,-56.53422520216062
2784075000.0,-56.437034511113644
2789073333.33,-56.59222399544036
2794071666.67,-56.458803921671745
2799070000.0,-56.24282982466183
2804068333.33,-56.58887109404375
2809066666.67,-56.702623868334285
2814065000.0,-56.566010468246105
2819063333.33,-56.393050033146245
2824061666.67,-56.55704698290936
2829060000.0,-56.224529561617864
2834058333.33,-56.49186503107352
2839056666.67,-56.41107336066266
2844055000.0,-56.22606979045439
2849053333.33,-56.49557387456704
2854051666.67,-56.42255286874811
2859050000.0,-56.231927928227094
2864048333.33,-56.540800051947556
2869046666.67,-56.234264913537835
2874045000.0,-55.7644123543143
2879043333.33,-55.774941928629
2884041666.67,-56.131477773207536
2889040000.0,-56.06793844394373
2894038333.33,-56.1208028643453
2899036666.67,-56.43762753961702
2904035000.0,-56.32879615548815
2909033333.33,-55.725735983380034
2914031666.67,-56.25126136863624
2919030000.0,-56.00877092192694
2924028333.33,-56.29705036496793
2929026666.67,-56.27621041646314
2934025000.0,-55.78532378027102
2939023333.33,-56.002520016616
2944021666.67,-56.60044908091159
2949020000.0,-56.43244707221571
2954018333.33,-56.33465415496444
2959016666.67,-56.17043497708473
2964015000.0,-56.012606531673896
2969013333.33,-56.13750732477462
2974011666.67,-56.05072513326511
2979010000.0,-56.221807012490586
2984008333.33,-55.73288175245545
2989006666.67,-56.202480683270565
2994005000.0,-56.237915848354845
2999003333.33,-56.14244972070842
3004001666.67,-56.09280652584925
3009000000.0,-56.25237927096076
3013998333.33,-55.979413165491735
3018996666.67,-55.88372661310352
3023995000.0,-55.98953266182516
3028993333.33,-56.21329380044398
3033991666.67,-55.782877525666656
3038990000.0,-56.12646280661372
3043988333.33,-56.01163869293369
3048986666.67,-55.74947746271789
3053985000.0,-55.6410770468172
3058983333.33,-55.910866642003434
3063981666.67,-55.4864177739957
3068980000.0,-56.02777953813813
3073978333.33,-55.8291659789668
3078976666.67,-55.95202480306181
3083975000.0,-55.82618564657648
3088973333.33,-55.64115804711402
3093971666.67,-56.02090234639404
3098970000.0,-55.577592209514975
3103968333.33,-55.892898359666894
3108966666.67,-55.733912091860915
3113965000.0,-55.5274097081261
3118963333.33,-55.398298271191784
3123961666.67,-55.476100284092084
3128960000.0,-55.5886128303404
3133958333.33,-55.396847965217574
3138956666.67,-55.45328752155789
3143955000.0,-55.02985620556675
3148953333.33,-55.455759485007306
3153951666.67,-55.28614794890213
3158950000.0,-55.417624118015624
3163948333.33,-55.39225960428879
3168946666.67,-54.95833193835477
3173945000.0,-55.64555703797182
3178943333.33,-55.52733838201756
3183941666.67,-55.27329506897179
3188940000.0,-55.38141485281727
3193938333.33,-54.96170932653765
3198936666.67,-55.6340239191363
3203935000.0,-55.49145937585693
3208933333.33,-55.18090224794836
3213931666.67,-55.20799451522788
3218930000.0,-55.323766062948735
3223928333.33,-55.19287746186427
3228926666.67,-55.44269133301946
3233925000.0,-55.48177092162405
3238923333.33,-55.315237878127476
3243921666.67,-55.31183654128625
3248920000.0,-55.19656939566146
3253918333.33,-55.44845638225024
3258916666.67,-55.427281189476794
3263915000.0,-55.32776521627872
3268913333.33,-55.409970008296966
3273911666.67,-55.38273527884792
3278910000.0,-55.51299213782237
3283908333.33,-55.12044576885145
3288906666.67,-55.28907215492992
3293905000.0,-55.08370433605855
3298903333.33,-55.39901111426823
3303901666.67,-54.618961085053
3308900000.0,-55.08209840025028
3313898333.33,-54.94345862655745
3318896666.67,-55.25682186471854
3323895000.0,-55.47945072559991
3328893333.33,-54.77758801135298
3333891666.67,-55.2087855401586
3338890000.0,-54.869882773296496
3343888333.33,-54.53825649357655
3348886666.67,-54.645668577545095
3353885000.0,-54.98157948309162
3358883333.33,-55.13018973489856
3363881666.67,-54.834558075816005
3368880000.0,-54.97445609394879
3373878333.33,-55.101445839547125
3378876666.67,-55.21723747412453
3383875000.0,-55.14411232107837
3388873333.33,-54.802602775152195
3393871666.67,-54.99853289285967
3398870000.0,-54.77559531816884
3403868333.33,-55.10277851628797
3408866666.67,-54.67208406100555
3413865000.0,-54.68376252665248
3418863333.33,-54.6806540479332
3423861666.67,-54.81000562404099
3428860000.0,-54.932480330244324
3433858333.33,-54.82824224097354
3438856666.67,-54.68826502838991
3443855000.0,-54.75715434544351
3448853333.33,-54.735239433887614
3453851666.67,-54.91159961642169
3458850000.0,-54.74332438265346
3463848333.33,-54.88994627260869
3468846666.67,-54.65640263077841
3473845000.0,-54.75673876899265
3478843333.33,-54.71802845600506
3483841666.67,-54.52942557624364
3488840000.0,-54.65155018889007
3493838333.33,-54.38120232710861
3498836666.67,-54.515772367798554
3503835000.0,-54.745918363667684
3508833333.33,-54.44571262461607
3513831666.67,-54.69504387927063
3518830000.0,-54.41467195452237
3523828333.33,-54.6790805009769
3528826666.67,-54.48007561819633
3533825000.0,-54.382703279589684
3538823333.33,-54.43868396093296
3543821666.67,-54.70773555856276
3548820000.0,-54.40674715350266
3553818333.33,-54.659572321937006
3558816666.67,-54.56899087325337
3563815000.0,-54.228149203047124
3568813333.33,-54.28800825401936
3573811666.67,-54.15592981465074
3578810000.0,-54.49827693055824
3583808333.33,-54.4677303283349
3588806666.67,-54.12632571366026
3593805000.0,-54.64560535092481
3598803333.33,-54.21678359029458
3603801666.67,-54.36185945817903
3608800000.0,-54.154478514502415
3613798333.33,-54.19746757208428
3618796666.67,-53.908440862251084
3623795000.0,-53.74362083120055
3628793333.33,-53.611049083628124
3633791666.67,-54.0952619699305
3638790000.0,-54.06622555607684
3643788333.33,-53.871610965244074
3648786666.67,-54.09192986886531
3653785000.0,-54.04983606856081
3658783333.33,-53.982185586263554
3663781666.67,-54.09478007797298
3668780000.0,-54.6536226397862
3673778333.33,-54.463327947277584
3678776666.67,-54.080729783214096
3683775000.0,-54.123343697709515
3688773333.33,-54.44609846151286
3693771666.67,-54.74947595812941
3698770000.0,-54.76763667720302
3703768333.33,-54.49144386602934
3708766666.67,-54.78016589955466
3713765000.0,-54.69569791964336
3718763333.33,-54.61271959841447
3723761666.67,-54.59005649141445
3728760000.0,-54.65851412321123
3733758333.33,-54.753555973630114
3738756666.67,-54.356745031610274
3743755000.0,-54.350049822940996
3748753333.33,-54.53749802842728
3753751666.67,-54.776954209522124
3758750000.0,-54.540859430829215
3763748333.33,-54.482491176012154
3768746666.67,-54.23967564570524
3773745000.0,-54.74960108027006
3778743333.33,-54.46401426088236
3783741666.67,-54.33757836913864
3788740000.0,-54.32582802835735
3793738333.33,-54.513179816649846
3798736666.67,-54.56016164216733
3803735000.0,-54.5787546203303
3808733333.33,-54.42422021301973
3813731666.67,-54.14392436098979
3818730000.0,-54.019383381207874
3823728333.33,-54.05921030961646
3828726666.67,-54.40707455413971
3833725000.0,-54.11148325845713
3838723333.33,-54.321420863703594
3843721666.67,-53.81416766915972
3848720000.0,-53.667977024619766
3853718333.33,-53.71455472526779
3858716666.67,-53.70827522058804
3863715000.0,-53.83441482230645
3868713333.33,-53.64906195617712
3873711666.67,-53.9879770790298
3878710000.0,-53.774483250645076
3883708333.33,-53.814831197877055
3888706666.67,-53.55273233865162
3893705000.0,-53.78686220987965
3898703333.33,-53.761038288043885
3903701666.67,-53.69313944359628
3908700000.0,-53.64415378009929
3913698333.33,-53.58010055665915
3918696666.67,-53.730158893854295
3923695000.0,-53.627398927661346
3928693333.33,-53.54335505758154
3933691666.67,-53.598093380829035
3938690000.0,-53.69336528842591
3943688333.33,-53.78918162750341
3948686666.67,-53.88385498160893
3953685000.0,-53.5677124322215
3958683333.33,-54.053661752941025
3963681666.67,-53.94445751686216
3968680000.0,-54.17882315759365
3973678333.33,-53.97325928597751
3978676666.67,-53.89352509295662
3983675000.0,-54.13662640573168
3988673333.33,-54.11318907839306
3993671666.67,-53.777273049938685
3998670000.0,-54.06106743522762
4003668333.33,-53.990366926079325
4008666666.67,-54.22707257476087
4013665000.0,-54.39875053337961
4018663333.33,-54.10156778414705
4023661666.67,-54.3673763940896
4028660000.0,-54.054915129121085
4033658333.33,-54.673425723548775
4038656666.67,-54.090477045452715
4043655000.0,-54.14267157049692
4048653333.33,-54.36559572093846
4053651666.67,-53.947392718217046
4058650000.0,-54.14528615276056
4063648333.33,-53.926783948664
4068646666.67,-53.86616373042386
4073645000.0,-53.846237621794685
4078643333.33,-53.73529138143347
4083641666.67,-53.64189578352164
4088640000.0,-53.486224644165446
4093638333.33,-53.35267530666991
4098636666.67,-53.310282394427276
4103635000.0,-53.304720367342846
4108633333.33,-53.20547372413013
4113631666.67,-53.24106360864518
4118630000.0,-53.39493667045972
4123628333.33,-53.44255156722997
4128626666.67,-53.37303411265359
4133625000.0,-53.19027896950736
4138623333.33,-53.19926913763193
4143621666.67,-53.16289733796263
4148620000.0,-53.31586081813779
4153618333.33,-53.40600272935326
4158616666.67,-53.159091029206266
4163615000.0,-53.31519107633205
4168613333.33,-52.91715341334089
4173611666.67,-52.90507296114867
4178610000.0,-52.73040108947686
4183608333.33,-52.92143759418332
4188606666.67,-53.030502330234185
4193605000.0,-52.90976543126281
4198603333.33,-53.09558410987308
4203601666.67,-53.09622604360949
4208600000.0,-52.89011951038912
4213598333.33,-53.20234596322878
4218596666.67,-53.420881722784436
4223595000.0,-52.99075333890082
4228593333.33,-53.32958832728623
4233591666.67,-52.925899151652125
4238590000.0,-53.12585709780015
4243588333.33,-53.18562382078714
4248586666.67,-53.14307001821283
4253585000.0,-53.132866128503444
4258583333.33,-53.02356285280246
4263581666.67,-52.7386436774498
4268580000.0,-52.79766274010708
4273578333.33,-52.8518280395575
4278576666.67,-53.20389194260609
4283575000.0,-52.86282281506022
4288573333.33,-52.934101296325906
4293571666.67,-53.26677617213484
4298570000.0,-52.98176251186054
4303568333.33,-53.02755757492223
4308566666.67,-52.98592110275941
4313565000.0,-53.14846456454151
4318563333.33,-52.75100396004328
4323561666.67,-52.930851525144014
4328560000.0,-52.94762310201384
4333558333.33,-52.85351994389118
4338556666.67,-52.70259864959353
4343555000.0,-52.43511901888504
4348553333.33,-52.96148784191314
4353551666.67,-52.53299212386652
4358550000.0,-52.669144206139734
4363548333.33,-52.50047481807001
4368546666.67,-52.63227472422101
4373545000.0,-52.539252344277756
4378543333.33,-52.54334095710344
4383541666.67,-52.49662593973624
4388540000.0,-52.53099970121148
4393538333.33,-52.39168548810488
4398536666.67,-52.31866709581037
4403535000.0,-52.469509303166646
4408533333.33,-52.34941235377328
4413531666.67,-52.360511708034814
4418530000.0,-52.24534075592776
4423528333.33,-52.040417614750716
4428526666.67,-52.06142239803671
4433525000.0,-52.154554228812685
4438523333.33,-52.2497896528472
4443521666.67,-52.14531395365451
4448520000.0,-52.06727101062378
4453518333.33,-52.28521461659932
4458516666.67,-52.141018825728516
4463515000.0,-52.14198983828435
4468513333.33,-52.18815777768277
4473511666.67,-52.39268211666381
4478510000.0,-52.25709655524408
4483508333.33,-51.87606313290303
4488506666.67,-52.28167101056612
4493505000.0,-52.19800693691421
4498503333.33,-52.080524281854785
4503501666.67,-52.06913230687938
4508500000.0,-51.92571882819848
4513498333.33,-51.99626251089492
4518496666.67,-51.86754859985983
4523495000.0,-52.079484136000616
4528493333.33,-52.1543910470399
4533491666.67,-52.17085248182933
4538490000.0,-52.204509647396776
4543488333.33,-51.93941281547559
4548486666.67,-51.9332869546298
4553485000.0,-51.94076559337729
4558483333.33,-51.83994677261121
4563481666.67,-51.890855551298486
4568480000.0,-51.898620440656664
4573478333.33,-51.938335913373734
4578476666.67,-51.93727917777693
4583475000.0,-51.81588421640164
4588473333.33,-51.6945341517778
4593471666.67,-51.64025231517542
4598470000.0,-51.792663747273764
4603468333.33,-51.54487093590643
4608466666.67,-51.5429512570842
4613465000.0,-51.51289897263739
4618463333.33,-51.59702112247524
4623461666.67,-51.36823401893294
4628460000.0,-51.53372556107982
4633458333.33,-51.58332641222164
4638456666.67,-51.39421685416728
4643455000.0,-51.44957594452517
4648453333.33,-51.496773111562916
4653451666.67,-51.58008518680994
4658450000.0,-51.5329343500464
4663448333.33,-51.49739056873939
4668446666.67,-51.69648333674659
4673445000.0,-51.462539712020934
4678443333.33,-51.449368137284466
4683441666.67,-51.28742828615443
4688440000.0,-51.31888400426597
4693438333.33,-51.35644015097161
4698436666.67,-51.37544347907407
4703435000.0,-51.27060849694537
4708433333.33,-51.41769880893755
4713431666.67,-51.553476836644606
4718430000.0,-51.341416607692445
4723428333.33,-51.48964269253432
4728426666.67,-51.42711628407302
4733425000.0,-51.590776879694175
4738423333.33,-51.476175727945694
4743421666.67,-51.17891524759002
4748420000.0,-51.41649949860789
4753418333.33,-51.31009892947466
4758416666.67,-51.27704249609138
4763415000.0,-51.318215509034324
4768413333.33,-51.333629106201606
4773411666.67,-50.97534469971183
4778410000.0,-50.95605778888812
4783408333.33,-50.7886506479808
4788406666.67,-50.81818462615365
4793405000.0,-50.87543127315682
4798403333.33,-50.78813528574153
4803401666.67,-50.83618178115029
4808400000.0,-50.702534626465905
4813398333.33,-50.62998724683994
4818396666.67,-50.78531901767384
4823395000.0,-50.645874728128945
4828393333.33,-50.62522530058941
4833391666.67,-50.68675694940361
4838390000.0,-50.74389730732004
4843388333.33,-50.712885379165904
4848386666.67,-50.80054662257667
4853385000.0,-50.632928428994546
4858383333.33,-50.630535423118374
4863381666.67,-50.69708081770081
4868380000.0,-50.36253827238844
4873378333.33,-50.451851179842954
4878376666.67,-50.48210082691852
4883375000.0,-50.433819560969994
4888373333.33,-50.55525744709253
4893371666.67,-50.51052073633481
4898370000.0,-50.45183909240565
4903368333.33,-50.74456021441145
4908366666.67,-50.460942467160955
4913365000.0,-50.54138929330108
4918363333.33,-50.63240190738284
4923361666.67,-50.404299623897195
4928360000.0,-50.33531823981572
4933358333.33,-50.29155623105969
4938356666.67,-50.17276135157889
4943355000.0,-50.364591940004324
4948353333.33,-50.182452151069434
4953351666.67,-50.14851625364264
4958350000.0,-50.185646793397716
4963348333.33,-50.14421027760652
4968346666.67,-50.119103655965006
4973345000.0,-50.083836789781735
4978343333.33,-50.01413225641716
4983341666.67,-50.20769878496081
4988340000.0,-50.16969074316363
4993338333.33,-50.05751131183583
4998336666.67,-50.21772158894141
5003335000.0,-50.07609473141592
5008333333.33,-50.009802889178246
5013331666.67,-49.86189504962879
5018330000.0,-49.82098565954231
5023328333.33,-49.86447695374763
5028326666.67,-49.70548346601226
5033325000.0,-49.68805134681635
5038323333.33,-49.80694561130888
5043321666.67,-49.6429731891342
5048320000.0,-49.61702214185819
5053318333.33,-49.59797176458611
5058316666.67,-49.76182515150329
5063315000.0,-49.58252056673989
5068313333.33,-49.736963837269826
5073311666.67,-49.545146479347075
5078310000.0,-49.70672229801156
5083308333.33,-49.56331002956777
5088306666.67,-49.548517063947735
5093305000.0,-49.50347736389271
5098303333.33,-49.57901959735719
5103301666.67,-49.43962210866522
5108300000.0,-49.37106333960291
5113298333.33,-49.4091458100035
5118296666.67,-49.31229298817232
5123295000.0,-49.25229296456453
5128293333.33,-49.20578773256107
5133291666.67,-49.35171843598382
5138290000.0,-49.23572392541138
5143288333.33,-49.20008528549744
5148286666.67,-49.376606510417815
5153285000.0,-49.215882634621664
5158283333.33,-49.218381912890415
5163281666.67,-49.31692029419486
5168280000.0,-49.265430261268975
5173278333.33,-49.41609507980939
5178276666.67,-49.19545140832582
5183275000.0,-49.347523066528176
5188273333.33,-49.2462556989478
5193271666.67,-49.15699557133945
5198270000.0,-49.17378787781204
5203268333.33,-49.10290702618306
5208266666.67,-48.96411594878071
5213265000.0,-48.97258544274863
5218263333.33,-49.02899934362516
5223261666.67,-48.904692821662934
5228260000.0,-48.88734791945717
5233258333.33,-48.95829676975179
5238256666.67,-48.95175819879374
5243255000.0,-48.814625670964844
5248253333.33,-49.048246631282595
5253251666.67,-48.79696374958183
5258250000.0,-48.92435324971635
5263248333.33,-48.88389355945869
5268246666.67,-48.7410185203915
5273245000.0,-48.89723318567114
5278243333.33,-48.639384153090965
5283241666.67,-48.785203243996015
5288240000.0,-48.67491710243609
5293238333.33,-48.54266082217676
5298236666.67,-48.44297948931363
5303235000.0,-48.62102768324938
5308233333.33,-48.621046892258484
5313231666.67,-48.541262289109746
5318230000.0,-48.54914351258124
5323228333.33,-48.578788526261995
5328226666.67,-48.50675908904645
5333225000.0,-48.51359241224124
5338223333.33,-48.53654608347087
5343221666.67,-48.59247358663669
5348220000.0,-48.533844704627604
5353218333.33,-48.40302343392467
5358216666.67,-48.59945110142789
5363215000.0,-48.524270513540806
5368213333.33,-48.343531466120695
5373211666.67,-48.37019000887537
5378210000.0,-48.30581940485488
5383208333.33,-48.33282560272964
5388206666.67,-48.23610966027098
5393205000.0,-48.34275441322739
5398203333.33,-48.30886466710841
5403201666.67,-48.30377714964172
5408200000.0,-48.508436974502914
5413198333.33,-48.301036831092325
5418196666.67,-48.53067204887629
5423195000.0,-48.446494684046584
5428193333.33,-48.396274959785515
5433191666.67,-48.31979324867276
5438190000.0,-48.37993671884856
5443188333.33,-48.25513725324275
5448186666.67,-48.283775859653915
5453185000.0,-48.28975216618729
5458183333.33,-48.198375307012746
5463181666.67,-48.07825701711937
5468180000.0,-48.17310579571334
5473178333.33,-48.176192760018395
5478176666.67,-47.975947436404255
5483175000.0,-48.05124283180595
5488173333.33,-48.033946573606855
5493171666.67,-47.997482571502495
5498170000.0,-48.084632900288504
5503168333.33,-48.105369434080046
5508166666.67,-47.91468068343842
5513165000.0,-48.10309128706105
5518163333.33,-47.90961389250483
5523161666.67,-47.93359077464228
5528160000.0,-47.836613299504805
5533158333.33,-47.793030731460284
5538156666.67,-47.600066747797285
5543155000.0,-47.49429211624688
5548153333.33,-47.537598554784694
5553151666.67,-47.59643324554478
5558150000.0,-47.60883397069787
5563148333.33,-47.40832370939764
5568146666.67,-47.36144105029879
5573145000.0,-47.39483648358399
5578143333.33,-47.4254469633486
5583141666.67,-47.56057051963781
5588140000.0,-47.52069646068022
5593138333.33,-47.615923465093
5598136666.67,-47.5781700916463
5603135000.0,-47.60487736752271
5608133333.33,-47.41631009300424
5613131666.67,-47.504189220315766
5618130000.0,-47.481415641767704
5623128333.33,-47.40581164186004
5628126666.67,-47.28560282275561
5633125000.0,-47.34836214227619
5638123333.33,-47.412368434181566
5643121666.67,-47.25411915209871
5648120000.0,-47.32316187512136
5653118333.33,-47.334589171913635
5658116666.67,-47.26602750714388
5663115000.0,-47.20660693367957
5668113333.33,-47.31846704156344
5673111666.67,-47.26497585708203
5678110000.0,-47.27651520103664
5683108333.33,-47.21002821203211
5688106666.67,-47.34275664346121
5693105000.0,-47.324419695007435
5698103333.33,-47.3025926753948
5703101666.67,-47.230309315247816
5708100000.0,-47.077118159279536
5713098333.33,-47.01324908305122
5718096666.67,-46.81226765062641
5723095000.0,-46.884040571667796
5728093333.33,-46.853397787187134
5733091666.67,-46.83141794910391
5738090000.0,-46.755378590797335
5743088333.33,-46.57973828033966
5748086666.67,-46.69448996886527
5753085000.0,-46.44577257751755
5758083333.33,-46.43330144450212
5763081666.67,-46.51317735111672
5768080000.0,-46.574728491066246
5773078333.33,-46.63877750768752
5778076666.67,-46.39891527523836
5783075000.0,-46.41434332036569
5788073333.33,-46.471343550384574
5793071666.67,-46.32263368143556
5798070000.0,-46.25285503994331
5803068333.33,-46.24133480658089
5808066666.67,-46.113241710952636
5813065000.0,-46.1069850214561
5818063333.33,-46.27813779711726
5823061666.67,-46.30117047756941
5828060000.0,-46.20159510850543
5833058333.33,-46.18094272681702
5838056666.67,-46.28111740858242
5843055000.0,-46.22022417635588
5848053333.33,-46.21998394228382
5853051666.67,-46.16163374311678
5858050000.0,-46.288849049032635
5863048333.33,-46.28604885943286
5868046666.67,-46.3159000324802
5873045000.0,-46.051642594240064
5878043333.33,-46.13011304047956
5883041666.67,-46.0714914200244
5888040000.0,-45.979221052153996
5893038333.33,-45.9109438113525
5898036666.67,-45.94710310704542
5903035000.0,-45.845452170619296
5908033333.33,-45.857937286853804
5913031666.67,-45.76792222172286
5918030000.0,-45.8778215360065
5923028333.33,-45.81036142028981
5928026666.67,-45.94043361766137
5933025000.0,-45.85241208483588
5938023333.33,-45.79737549888974
5943021666.67,-45.66948745208372
5948020000.0,-45.67174640665285
5953018333.33,-45.63475311770191
5958016666.67,-45.639724387440445
5963015000.0,-45.494447420887624
5968013333.33,-45.55253233739573
5973011666.67,-45.52889341596446
5978010000.0,-45.401266565949996
5983008333.33,-45.40720979641685
5988006666.67,-45.36798554466902
5993005000.0,-45.28503093903498
5998003333.33,-45.15550904176993
6003001666.67,-45.05695044507959
6008000000.0,-45.27041529776991
6012998333.33,-45.177272880100084
6017996666.67,-45.21441023652929
6022995000.0,-45.003046414905945
6027993333.33,-45.08055353652214
6032991666.67,-44.96314663032541
6037990000.0,-44.90083392370332
6042988333.33,-44.786845509817894
6047986666.67,-44.72998797095776
6052985000.0,-44.62104663279524
6057983333.33,-44.56955830803188
6062981666.67,-44.553267262037394
6067980000.0,-44.49691717541861
6072978333.33,-44.5020732595123
6077976666.67,-44.53654498395209
6082975000.0,-44.35524121113752
6087973333.33,-44.357410444610366
6092971666.67,-44.55075837809652
6097970000.0,-44.54019338968408
6102968333.33,-44.48585787431491
6107966666.67,-44.54778691985239
6112965000.0,-44.51420142793863
6117963333.33,-44.48446338505009
6122961666.67,-44.57456063383639
6127960000.0,-44.39392227639771
6132958333.33,-44.349682173740405
6137956666.67,-44.313506688924555
6142955000.0,-44.37332452175988
6147953333.33,-44.40626643471756
6152951666.67,-44.39969575730673
6157950000.0,-44.28877558366892
6162948333.33,-44.27910496447418
6167946666.67,-44.446526151787324
6172945000.0,-44.38184313843682
6177943333.33,-44.34414304677611
6182941666.67,-44.318675903241484
6187940000.0,-44.343314199158065
6192938333.33,-44.24181544878074
6197936666.67,-44.23585881690113
6202935000.0,-44.22485067045272
6207933333.33,-44.110737126165446
6212931666.67,-43.98006477737658
6217930000.0,-43.83998486445328
6222928333.33,-43.77881506194254
6227926666.67,-43.60749633805467
6232925000.0,-43.68369123357204
6237923333.33,-43.54324337847345
6242921666.67,-43.41486808160938
6247920000.0,-43.41115057765555
6252918333.33,-43.42717639564156
6257916666.67,-43.37401016419215
6262915000.0,-43.39650114304881
6267913333.33,-43.437634236161955
6272911666.67,-43.327534063159675
6277910000.0,-43.24209634616687
6282908333.33,-43.35715265880584
6287906666.67,-43.29252916140017
6292905000.0,-43.2269259339497
6297903333.33,-43.20643335676287
6302901666.67,-43.1053396861524
6307900000.0,-43.20046304114357
6312898333.33,-43.065435427861836
6317896666.67,-43.08402531472686
6322895000.0,-42.978081280464345
6327893333.33,-42.963863749594395
6332891666.67,-43.00018910538747
6337890000.0,-43.06663342341559
6342888333.33,-43.00456275608077
6347886666.67,-43.00800419686071
6352885000.0,-42.9855959467597
6357883333.33,-42.900195923705844
6362881666.67,-42.91562930728315
6367880000.0,-42.93033328706677
6372878333.33,-42.86223443077172
6377876666.67,-42.80270679909718
6382875000.0,-42.68257097035792
6387873333.33,-42.5569029831258
6392871666.67,-42.498776916515055
6397870000.0,-42.476408059599876
6402868333.33,-42.327560838823324
6407866666.67,-42.22684628302781
6412865000.0,-42.12316501785533
6417863333.33,-42.06450791688718
6422861666.67,-42.098984683470505
6427860000.0,-42.056399967806435
6432858333.33,-42.08101282146674
6437856666.67,-42.05911566961695
6442855000.0,-42.0798312196228
6447853333.33,-42.016329768248866
6452851666.67,-41.85176273757449
6457850000.0,-41.84916027613575
6462848333.33,-41.787070428911655
6467846666.67,-41.72597787295381
6472845000.0,-41.64319412531289
6477843333.33,-41.57120037920291
6482841666.67,-41.53053923049537
6487840000.0,-41.445832631074396
6492838333.33,-41.29119992593887
6497836666.67,-41.32636258576709
6502835000.0,-41.31166729203346
6507833333.33,-41.30331705720489
6512831666.67,-41.331282174114186
6517830000.0,-41.35612516480995
6522828333.33,-41.3692336589995
6527826666.67,-41.336468940402604
6532825000.0,-41.39318404887887
6537823333.33,-41.332375003988055
6542821666.67,-41.27961967336348
6547820000.0,-41.209938832342594
6552818333.33,-41.060114593047714
6557816666.67,-41.050489727792595
6562815000.0,-40.87003621349854
6567813333.33,-40.840457510183214
6572811666.67,-40.73093265679485
6577810000.0,-40.7177170360618
6582808333.33,-40.61718554602254
6587806666.67,-40.49994547272772
6592805000.0,-40.49792661941584
6597803333.33,-40.370766723231675
6602801666.67,-40.428993296681874
6607800000.0,-40.46980535564148
6612798333.33,-40.42579144233418
6617796666.67,-40.36825341915036
6622795000.0,-40.404493914342
6627793333.33,-40.258368948728425
6632791666.67,-40.26590838672264
6637790000.0,-40.071536595412454
6642788333.33,-40.06626524879651
6647786666.67,-39.858106716562595
6652785000.0,-39.82434864518669
6657783333.33,-39.65635959368574
6662781666.67,-39.582461705667484
6667780000.0,-39.47204299500755
6672778333.33,-39.408262872389066
6677776666.67,-39.318090927199044
6682775000.0,-39.30426334565806
6687773333.33,-39.19309276966973
6692771666.67,-39.175072929952705
6697770000.0,-39.15593809176738
6702768333.33,-39.17768573177101
6707766666.67,-39.165289616680234
6712765000.0,-39.15107884891315
6717763333.33,-39.053903220783056
6722761666.67,-39.01318796592503
6727760000.0,-38.87478999562439
6732758333.33,-38.7553547660136
6737756666.67,-38.66336217681925
6742755000.0,-38.565554393974956
6747753333.33,-38.49063505229325
6752751666.67,-38.403488149787435
6757750000.0,-38.26076145309718
6762748333.33,-38.220629807943126
6767746666.67,-38.100324161993264
6772745000.0,-38.09646314671268
6777743333.33,-38.06751225349822
6782741666.67,-37.94628228072753
6787740000.0,-37.93834736150888
6792738333.33,-37.89973925609937
6797736666.67,-37.96237996039426
6802735000.0,-37.93724565715849
6807733333.33,-37.842945019071635
6812731666.67,-37.843639561992994
6817730000.0,-37.74058729722378
6822728333.33,-37.65900620132405
6827726666.67,-37.6378646956219
6832725000.0,-37.54763247354789
6837723333.33,-37.534312306153694
6842721666.67,-37.45986615460141
6847720000.0,-37.484463749647745
6852718333.33,-37.439675809077876
6857716666.67,-37.40878275833947
6862715000.0,-37.394698867528994
6867713333.33,-37.38372104339288
6872711666.67,-37.26099331921115
6877710000.0,-37.212527733508615
6882708333.33,-37.18523452868395
6887706666.67,-37.10136937224609
6892705000.0,-36.99076717172157
6897703333.33,-36.98182470284182
6902701666.67,-36.814547588601144
6907700000.0,-36.62515575438462
6912698333.33,-36.53805933903642
6917696666.67,-36.35801590266914
6922695000.0,-36.29595031089559
6927693333.33,-36.14751040562419
6932691666.67,-36.11369318945672
6937690000.0,-36.04718974160237
6942688333.33,-35.94300692914972
6947686666.67,-35.95094786100991
6952685000.0,-35.863845227543145
6957683333.33,-35.7601886791618
6962681666.67,-35.78500352949594
6967680000.0,-35.64280506871994
6972678333.33,-35.62706765241294
6977676666.67,-35.53863222413852
6982675000.0,-35.4427290889629
6987673333.33,-35.372322787991905
6992671666.67,-35.29452144317945
6997670000.0,-35.2309133900052
7002668333.33,-35.1755052944569
7007666666.67,-35.130120010218114
7012665000.0,-35.05577910296254
7017663333.33,-35.0537530184413
7022661666.67,-35.115465709694426
7027660000.0,-35.11652167954565
7032658333.33,-35.18891635144882
7037656666.67,-35.24821678061161
7042655000.0,-35.28099423628892
7047653333.33,-35.32811414973035
7052651666.67,-35.250669623798174
7057650000.0,-35.259661995714936
7062648333.33,-35.22840102088796
7067646666.67,-35.238516145610085
7072645000.0,-35.24318202386048
7077643333.33,-35.14900245406857
7082641666.67,-35.0848727514278
7087640000.0,-35.01794403778126
7092638333.33,-34.983924870932526
7097636666.67,-34.95622841636501
7102635000.0,-34.92735885416457
7107633333.33,-34.93084028580683
7112631666.67,-34.88441626519392
7117630000.0,-34.935467954455326
7122628333.33,-34.95162956728179
7127626666.67,-34.98695898780994
7132625000.0,-35.02094720013547
7137623333.33,-35.027977561006615
7142621666.67,-35.008520556554636
7147620000.0,-34.97623370075373
7152618333.33,-34.89725525047898
7157616666.67,-34.923407085706586
7162615000.0,-34.83653066360057
7167613333.33,-34.83938345758026
7172611666.67,-34.82545452763722
7177610000.0,-34.7928136455633
7182608333.33,-34.80550248785893
7187606666.67,-34.826936513053795
7192605000.0,-34.893280626075416
7197603333.33,-34.96032755665627
7202601666.67,-35.020881464926454
7207600000.0,-35.12567465431939
7212598333.33,-35.1615638282516
7217596666.67,-35.25558621985762
7222595000.0,-35.29509205417683
7227593333.33,-35.27544037098209
7232591666.67,-35.32649532657769
7237590000.0,-35.32842012564331
7242588333.33,-35.26175440104586
7247586666.67,-35.18902083290213
7252585000.0,-35.19499948749708
7257583333.33,-35.158098343204344
7262581666.67,-35.17803223074675
7267580000.0,-35.19825386250209
7272578333.33,-35.27117383217765
7277576666.67,-35.360306124690766
7282575000.0,-35.49737963928542
7287573333.33,-35.5624068398543
7292571666.67,-35.79607959437189
7297570000.0,-35.83869716644819
7302568333.33,-36.02348761313783
7307566666.67,-36.07386357876501
7312565000.0,-36.216738743168094
7317563333.33,-36.26088514596068
7322561666.67,-36.21015368550544
7327560000.0,-36.26407129409536
7332558333.33,-36.24075306554674
7337556666.67,-36.18759649753211
7342555000.0,-36.18730348555022
7347553333.33,-36.13738601709022
7352551666.67,-36.12610539883
7357550000.0,-36.20438512959488
7362548333.33,-36.233384709407666
7367546666.67,-36.27550388255968
7372545000.0,-36.35660949776565
7377543333.33,-36.535519477045675
7382541666.67,-36.62887903388513
7387540000.0,-36.80885353611869
7392538333.33,-36.88626078713684
7397536666.67,-37.02977764552331
7402535000.0,-37.07283984076554
7407533333.33,-37.197636563391185
7412531666.67,-37.199874604674406
7417530000.0,-37.19816685935224
7422528333.33,-37.156538629573134
7427526666.67,-37.11232946018155
7432525000.0,-37.05660439683976
7437523333.33,-37.01758501043005
7442521666.67,-36.96189348152443
7447520000.0,-37.03194190416094
7452518333.33,-37.020753392801566
7457516666.67,-37.17118672344564
7462515000.0,-37.29971119900726
7467513333.33,-37.471827802268265
7472511666.67,-37.59743297058201
7477510000.0,-37.81630168971735
7482508333.33,-37.92352319719842
7487506666.67,-38.10900818207133
7492505000.0,-38.30693675253763
7497503333.33,-38.35929696167283
7502501666.67,-38.5039759240675
7507500000.0,-38.480706689152825
7512498333.33,-38.575733473425686
7517496666.67,-38.57946979555847
7522495000.0,-38.56251727714926
7527493333.33,-38.615719749920075
7532491666.67,-38.67508484914123
7537490000.0,-38.77724330042468
7542488333.33,-38.861929726462876
7547486666.67,-38.96540123580868
7552485000.0,-39.01080601863774
7557483333.33,-39.15757877058818
7562481666.67,-39.29946072777045
7567480000.0,-39.39175267811671
7572478333.33,-39.43643492483075
7577476666.67,-39.55621893185881
7582475000.0,-39.56411434312732
7587473333.33,-39.67741198604409
7592471666.67,-39.70782457879298
7597470000.0,-39.72021953190662
7602468333.33,-39.65883682750068
7607466666.67,-39.53391207813104
7612465000.0,-39.540430478753684
7617463333.33,-39.520594395587324
7622461666.67,-39.56811221744552
7627460000.0,-39.610864096777924
7632458333.33,-39.64490745257286
7637456666.67,-39.77029610448404
7642455000.0,-39.78248623917111
7647453333.33,-39.882750773751276
7652451666.67,-39.940022339147305
7657450000.0,-40.055016508976536
7662448333.33,-39.96174609890585
7667446666.67,-40.05646773099006
7672445000.0,-39.969452787186725
7677443333.33,-39.97940891977254
7682441666.67,-39.887118892747615
7687440000.0,-39.9503761072124
7692438333.33,-39.87805136038006
7697436666.67,-39.864304811348696
7702435000.0,-39.840279005575795
7707433333.33,-39.83983585508108
7712431666.67,-39.801803830863
7717430000.0,-39.90247827907552
7722428333.33,-40.02381164925537
7727426666.67,-40.18753569666603
7732425000.0,-40.341384405701184
7737423333.33,-40.4554054635091
7742421666.67,-40.63175417407006
7747420000.0,-40.840148170423504
7752418333.33,-40.92924733697025
7757416666.67,-41.0207066004726
7762415000.0,-41.17702669612011
7767413333.33,-41.173778218895535
7772411666.67,-41.31146208912529
7777410000.0,-41.33265537276242
7782408333.33,-41.38700944248416
7787406666.67,-41.49105380523834
7792405000.0,-41.55276007276363
7797403333.33,-41.65638176718865
7802401666.67,-41.703742947368234
7807400000.0,-41.87776486635912
7812398333.33,-42.03559315898651
7817396666.67,-42.16086183783788
7822395000.0,-42.384257178971964
7827393333.33,-42.506237529788834
7832391666.67,-42.628016097033274
7837390000.0,-42.73903029942366
7842388333.33,-42.74553359112509
7847386666.67,-42.78914417612694
7852385000.0,-42.80289287775239
7857383333.33,-42.84677097172363
7862381666.67,-42.851251532012064
7867380000.0,-42.79424753032501
7872378333.33,-42.793238652748954
7877376666.67,-42.75012857131866
7882375000.0,-42.752555501351594
7887373333.33,-42.65737954065127
7892371666.67,-42.776209813315376
7897370000.0,-42.707458127922834
7902368333.33,-42.83641109861807
7907366666.67,-42.757670846110656
7912365000.0,-42.93075858673652
7917363333.33,-42.997474853092584
7922361666.67,-42.94664891601264
7927360000.0,-43.08488488117415
7932358333.33,-43.01803060788742
7937356666.67,-43.13475292513672
7942355000.0,-43.14934428407739
7947353333.33,-43.165084029175
7952351666.67,-43.233458902358834
7957350000.0,-43.17722548264701
7962348333.33,-43.1928983473707
7967346666.67,-43.34093362740517
7972345000.0,-43.30956029663048
7977343333.33,-43.4431748005519
7982341666.67,-43.50562944076663
7987340000.0,-43.56270605498142
7992338333.33,-43.69242517376529
7997336666.67,-43.74448861912704
8002335000.0,-43.639056174561816
8007333333.33,-43.77013823356445
8012331666.67,-43.7994792063332
8017330000.0,-43.92516546248075
8022328333.33,-43.92808547972134
8027326666.67,-43.92634919936194
8032325000.0,-44.00049796846618
8037323333.33,-43.99568747548868
8042321666.67,-44.125002743546055
8047320000.0,-44.09971158203845
8052318333.33,-44.19670556561364
8057316666.67,-44.349741172985134
8062315000.0,-44.530048236468446
8067313333.33,-44.62499423862032
8072311666.67,-44.943324131894315
8077310000.0,-45.02257768716122
8082308333.33,-45.16965828951197
8087306666.67,-45.34246647469412
8092305000.0,-45.380227397071465
8097303333.33,-45.420710125936495
8102301666.67,-45.422349097383815
8107300000.0,-45.53944847961639
8112298333.33,-45.62771002609075
8117296666.67,-45.59943076593047
8122295000.0,-45.639130495395406
8127293333.33,-45.643158059117965
8132291666.67,-45.71562467235738
8137290000.0,-45.79448285080837
8142288333.33,-45.981549284062936
8147286666.67,-46.04521891830209
8152285000.0,-46.08665721847827
8157283333.33,-46.25766751437149
8162281666.67,-46.19023788469267
8167280000.0,-46.29098288007721
8172278333.33,-46.306322097824335
8177276666.67,-46.38856444040841
8182275000.0,-46.43734576375288
8187273333.33,-46.48407154568362
8192271666.67,-46.381820946569576
8197270000.0,-46.43193770979268
8202268333.33,-46.42109241585971
8207266666.67,-46.45983942369849
8212265000.0,-46.447147074160966
8217263333.33,-46.43417594205772
8222261666.67,-46.522790035091674
8227260000.0,-46.62692060878694
8232258333.33,-46.660221381764714
8237256666.67,-46.91906771076039
8242255000.0,-47.054387337784256
8247253333.33,-47.28282193286078
8252251666.67,-47.13441253559271
8257250000.0,-47.367520394400636
8262248333.33,-47.359239137641815
8267246666.67,-47.53481601895467
8272245000.0,-47.431439632547054
8277243333.33,-47.316874826962376
8282241666.67,-47.3007713644034
8287240000.0,-47.08797181390308
8292238333.33,-47.226004128306315
8297236666.67,-47.33576704822688
8302235000.0,-46.99019079202505
8307233333.33,-47.077731442561124
8312231666.67,-47.08847628148783
8317230000.0,-47.17159661932812
8322228333.33,-47.47477303300441
8327226666.67,-47.615740633914854
8332225000.0,-47.80060772980068
8337223333.33,-47.765517780761826
8342221666.67,-47.89221465901224
8347220000.0,-48.042197740724205
8352218333.33,-48.076290581475334
8357216666.67,-47.945052582500274
8362215000.0,-48.05948719120242
8367213333.33,-48.06079840340695
8372211666.67,-47.91871000758765
8377210000.0,-47.83360429550787
8382208333.33,-47.94638347609724
8387206666.67,-47.76077913680282
8392205000.0,-48.02122984313587
8397203333.33,-47.92300909029088
8402201666.67,-48.02437731915151
8407200000.0,-47.977788119687304
8412198333.33,-48.17987799298407
8417196666.67,-48.394647334024484
8422195000.0,-48.442632681385305
8427193333.33,-48.5084241060439
8432191666.67,-48.80100695624129
8437190000.0,-48.94759825528616
8442188333.33,-49.06202475444787
8447186666.67,-49.015840361613236
8452185000.0,-48.99853146153227
8457183333.33,-48.915265754372356
8462181666.67,-49.038442596546794
8467180000.0,-48.75366185048935
8472178333.33,-48.94559248283017
8477176666.67,-48.750946491165486
8482175000.0,-48.921064881200415
8487173333.33,-48.93586342259884
8492171666.67,-49.05724544216456
8497170000.0,-49.26593434670869
8502168333.33,-49.17910659866454
8507166666.67,-49.34078053755911
8512165000.0,-49.37242679777558
8517163333.33,-49.616496182092675
8522161666.67,-49.72794619192207
8527160000.0,-49.57828540240628
8532158333.33,-49.69195209707081
8537156666.67,-49.62039655221206
8542155000.0,-49.50640304617583
8547153333.33,-49.732060014745585
8552151666.67,-49.518932447069695
8557150000.0,-49.48239940348902
8562148333.33,-49.59128893802924
8567146666.67,-49.41657291194572
8572145000.0,-49.36096830133603
8577143333.33,-49.4118334536332
8582141666.67,-49.55472664820971
8587140000.0,-49.50648445174891
8592138333.33,-49.72651143521888
8597136666.67,-49.84283401331108
8602135000.0,-49.91731538737588
8607133333.33,-49.79227083312242
8612131666.67,-49.93573580462029
8617130000.0,-50.01150240658286
8622128333.33,-49.80925103262489
8627126666.67,-49.64256255565094
8632125000.0,-49.55623532979309
8637123333.33,-49.49300733663338
8642121666.67,-49.399076146785944
8647120000.0,-49.41518157565979
8652118333.33,-49.37784028383244
8657116666.67,-49.68801445227318
8662115000.0,-49.6312840258108
8667113333.33,-49.88642121996826
8672111666.67,-49.927799763647556
8677110000.0,-50.258329525901004
8682108333.33,-50.36922270959367
8687106666.67,-50.597832651110366
8692105000.0,-50.57378403127095
8697103333.33,-50.73694072656806
8702101666.67,-50.91915891771528
8707100000.0,-50.82397948572019
8712098333.33,-50.75867040825806
8717096666.67,-50.861140359154916
8722095000.0,-50.64779184734085
8727093333.33,-50.6013639700491
8732091666.67,-50.43174882509816
8737090000.0,-50.115116451753615
8742088333.33,-50.307878725937115
8747086666.67,-50.14180389088254
8752085000.0,-50.1390357526008
8757083333.33,-50.12754109544679
8762081666.67,-50.579399894217964
8767080000.0,-50.39993181534901
8772078333.33,-50.617042090298845
8777076666.67,-50.802661062062825
8782075000.0,-51.072032990184645
8787073333.33,-51.16433081903643
8792071666.67,-51.207660464866116
8797070000.0,-51.17860978244777
8802068333.33,-51.18898237552044
8807066666.67,-51.288684820441254
8812065000.0,-51.14713660367762
8817063333.33,-51.09949414869377
8822061666.67,-51.06593062898973
8827060000.0,-50.96573132253704
8832058333.33,-50.90824733677994
8837056666.67,-51.22938501109192
8842055000.0,-50.97196130082015
8847053333.33,-51.261665277953696
8852051666.67,-51.264860162682986
8857050000.0,-51.458343288493936
8862048333.33,-51.71216683862427
8867046666.67,-51.69289369434409
8872045000.0,-51.912866570318116
8877043333.33,-52.015332887888874
8882041666.67,-51.960447566311785
8887040000.0,-52.184429358390375
8892038333.33,-51.94933519012775
8897036666.67,-51.78839043790583
8902035000.0,-51.898530471065094
8907033333.33,-51.93976338615626
8912031666.67,-51.62941347383709
8917030000.0,-51.76647053123352
8922028333.33,-51.84441945647953
8927026666.67,-51.79370864969783
8932025000.0,-51.85889373738007
8937023333.33,-51.80615534054091
8942021666.67,-51.97721686846644
8947020000.0,-52.004912575237164
8952018333.33,-52.20807950355071
8957016666.67,-52.36351286558964
8962015000.0,-52.38668569301562
8967013333.33,-52.26270480480822
8972011666.67,-52.39876796464337
8977010000.0,-52.20071411071543
8982008333.33,-52.468040972149524
8987006666.67,-52.30132387622338
8992005000.0,-52.436093443855604
8997003333.33,-52.422050612898175
9002001666.67,-52.368187394457024
9007000000.0,-52.24296854719852
9011998333.33,-52.48443983629876
9016996666.67,-52.57327119505443
9021995000.0,-52.496161045970695
9026993333.33,-52.795258457186506
9031991666.67,-52.84656676500877
9036990000.0,-52.86059006177376
9041988333.33,-52.98059219001018
9046986666.67,-52.95129203649006
9051985000.0,-52.79743858971419
9056983333.33,-52.90171480211383
9061981666.67,-52.62283734809424
9066980000.0,-52.272490118808406
9071978333.33,-52.489812329608505
9076976666.67,-52.33753727194227
9081975000.0,-52.44287429629435
9086973333.33,-52.38493705671886
9091971666.67,-52.37822711833597
9096970000.0,-52.545968559210586
9101968333.33,-52.726492600350284
9106966666.67,-52.90625113047394
9111965000.0,-52.88196661118321
9116963333.33,-53.14559608364639
9121961666.67,-53.39854056656406
9126960000.0,-53.562039341230914
9131958333.33,-53.553526785339905
9136956666.67,-53.67414018260763
9141955000.0,-53.15182092546386
9146953333.33,-53.56563652709967
9151951666.67,-53.43297301957429
9156950000.0,-53.595927274132876
9161948333.33,-53.637243296155845
9166946666.67,-53.6540344042956
9171945000.0,-53.589291177352536
9176943333.33,-53.5747765516824
9181941666.67,-53.84453218461583
9186940000.0,-53.89321344295329
9191938333.33,-53.95939848144815
9196936666.67,-54.05434106363687
9201935000.0,-54.091233395965745
9206933333.33,-54.155502178998354
9211931666.67,-54.038419822341794
9216930000.0,-54.09034028239987
9221928333.33,-54.30683862536489
9226926666.67,-54.29892297221683
9231925000.0,-54.145358718776535
9236923333.33,-54.084829189138304
9241921666.67,-54.11818569634831
9246920000.0,-53.976492856702045
9251918333.33,-54.03383227702248
9256916666.67,-54.004680959910054
9261915000.0,-53.923543556677316
9266913333.33,-54.07119128817301
9271911666.67,-54.18885881625236
9276910000.0,-54.259658509483124
9281908333.33,-54.18353340908547
9286906666.67,-54.22892444396034
9291905000.0,-54.253847308555464
9296903333.33,-54.439223300420934
9301901666.67,-54.27668612727664
9306900000.0,-54.34099945215655
9311898333.33,-54.34617780332076
9316896666.67,-54.193522628981896
9321895000.0,-54.25415837191956
9326893333.33,-53.84235868066017
9331891666.67,-53.91227220492512
9336890000.0,-53.867246890655025
9341888333.33,-53.55222566663234
9346886666.67,-53.84462667903002
9351885000.0,-53.59384751845148
9356883333.33,-53.91829838898518
9361881666.67,-53.72158001079761
9366880000.0,-53.96454041008479
9371878333.33,-53.87725787592898
9376876666.67,-54.22659933124561
9381875000.0,-54.32530368350223
9386873333.33,-54.10492308297752
9391871666.67,-54.695957559739554
9396870000.0,-54.27081949928763
9401868333.33,-54.45412236236906
9406866666.67,-54.73835267854448
9411865000.0,-54.38811273272197
9416863333.33,-54.56533888628879
9421861666.67,-54.038427911989864
9426860000.0,-54.43405278331899
9431858333.33,-54.371801889862816
9436856666.67,-54.00946611145049
9441855000.0,-54.24162063305077
9446853333.33,-54.53576832708372
9451851666.67,-54.84310270942519
9456850000.0,-55.066644544731574
9461848333.33,-55.089781527530306
9466846666.67,-55.38879332995612
9471845000.0,-55.412594805892425
9476843333.33,-55.48335639167291
9481841666.67,-55.513562646895565
9486840000.0,-55.2512021500356
9491838333.33,-55.436637135465354
9496836666.67,-55.09930429534151
9501835000.0,-54.96729866257222
9506833333.33,-54.697922101740886
9511831666.67,-54.96900032229918
9516830000.0,-55.03626210890593
9521828333.33,-54.75600998900472
9526826666.67,-54.847230242817595
9531825000.0,-54.833769606370325
9536823333.33,-54.936105901429066
9541821666.67,-54.85865148488054
9546820000.0,-55.52452978492909
9551818333.33,-55.147015045610075
9556816666.67,-55.26119844097139
9561815000.0,-55.52752205187961
9566813333.33,-55.07955429570592
9571811666.67,-54.9245428930626
9576810000.0,-55.10374404438313
9581808333.33,-55.04039434578811
9586806666.67,-54.84903352812917
9591805000.0,-54.57049461024046
9596803333.33,-54.71178126892177
9601801666.67,-54.63081580366947
9606800000.0,-54.51916376528784
9611798333.33,-54.656303590715744
9616796666.67,-54.730522882476194
9621795000.0,-54.82746383878576
9626793333.33,-54.756057172215684
9631791666.67,-54.73594059572382
9636790000.0,-55.16266471583124
9641788333.33,-55.35919715737634
9646786666.67,-54.980879757336005
9651785000.0,-55.13334865997115
9656783333.33,-55.10574287647819
9661781666.67,-55.13974137769078
9666780000.0,-55.010225868281864
9671778333.33,-54.987450352227384
9676776666.67,-55.34694233340251
9681775000.0,-54.61728993550861
9686773333.33,-54.54578748313851
9691771666.67,-54.82691628448769
9696770000.0,-55.268307669984665
9701768333.33,-54.84982966035339
9706766666.67,-55.00113060885656
9711765000.0,-55.33224193986662
9716763333.33,-55.29296162229023
9721761666.67,-55.79897631474118
9726760000.0,-55.326042511023175
9731758333.33,-56.027018064302894
9736756666.67,-55.71047794603679
9741755000.0,-56.25166250428102
9746753333.33,-55.98645631354742
9751751666.67,-56.11900307732141
9756750000.0,-55.85014596297789
9761748333.33,-56.20102602263234
9766746666.67,-55.88635829221683
9771745000.0,-55.739599666493845
9776743333.33,-55.7331369760628
9781741666.67,-55.706995060361216
9786740000.0,-55.48635523639927
9791738333.33,-55.62145556433167
9796736666.67,-55.47320941382202
9801735000.0,-55.942083674812686
9806733333.33,-55.7987164428225
9811731666.67,-55.92313456831215
9816730000.0,-56.195347399070286
9821728333.33,-56.45929368180312
9826726666.67,-56.39332505380311
9831725000.0,-56.26703365062503
9836723333.33,-56.50395222604555
9841721666.67,-56.537749979902685
9846720000.0,-56.16000032789203
9851718333.33,-56.123719794732935
9856716666.67,-56.08655012588501
9861715000.0,-56.1233990501121
9866713333.33,-56.08972275345656
9871711666.67,-56.12717654550755
9876710000.0,-56.37589384315276
9881708333.33,-56.423779384364835
9886706666.67,-56.030088095068116
9891705000.0,-56.149112990801484
9896703333.33,-56.3375667870457
9901701666.67,-56.359535736245434
9906700000.0,-56.582341598753175
9911698333.33,-56.5621107658004
9916696666.67,-56.470230795926106
9921695000.0,-56.78270466968399
9926693333.33,-56.74253088301835
9931691666.67,-56.53191562141208
9936690000.0,-56.74623715608301
9941688333.33,-56.472931053970036
9946686666.67,-56.68121931397155
9951685000.0,-56.480743787739904
9956683333.33,-56.42900143839282
9961681666.67,-56.388194418101236
9966680000.0,-56.74642589712198
9971678333.33,-56.27268549055629
9976676666.67,-56.726441308872914
9981675000.0,-56.83799268947256
9986673333.33,-56.47889164114376
9991671666.67,-57.1616362051293
9996670000.0,-56.53616435589519
10001668333.3,-57.10502652126809
10006666666.7,-56.66805944032272
10011665000.0,-56.780731908290974
10016663333.3,-56.68726148678937
10021661666.7,-56.971110042024165
10026660000.0,-56.92292351285693
10031658333.3,-57.10023463127599
10036656666.7,-56.953608399391634
10041655000.0,-56.9697936395331
10046653333.3,-56.82284581322211
10051651666.7,-56.752187697940485
10056650000.0,-57.29557652060292
10061648333.3,-57.136576880622066
10066646666.7,-56.939479298243896
10071645000.0,-57.586458789167516
10076643333.3,-57.05452383654469
10081641666.7,-57.18981755632078
10086640000.0,-57.18795722003052
10091638333.3,-57.563828633149114
10096636666.7,-57.308213622411074
10101635000.0,-57.22051420446995
10106633333.3,-57.224872076850595
10111631666.7,-57.37441741057122
10116630000.0,-57.686128974506666
10121628333.3,-57.28527578901783
10126626666.7,-57.3995134553294
10131625000.0,-56.958305640339724
10136623333.3,-57.81355149442504
10141621666.7,-57.92423222576275
10146620000.0,-57.46061481607942
10151618333.3,-58.033458554193295
10156616666.7,-58.004935635995366
10161615000.0,-58.03013283467163
10166613333.3,-58.09273721416916
10171611666.7,-58.35811104760972
10176610000.0,-58.5986766227885
10181608333.3,-58.22039049014846
10186606666.7,-58.06348695185142
10191605000.0,-58.33797681526811
10196603333.3,-58.30341987731938
10201601666.7,-58.0030550322461
10206600000.0,-58.03953616155765
10211598333.3,-57.71179004991261
10216596666.7,-57.73797843673974
10221595000.0,-57.39693478623642
10226593333.3,-57.508056467294494
10231591666.7,-58.06303147165556
10236590000.0,-57.981859572519966
10241588333.3,-58.041522742204876
10246586666.7,-57.910335312272636
10251585000.0,-57.62727067782116
10256583333.3,-58.06307570746104
10261581666.7,-57.977346942154554
10266580000.0,-57.85045752266438
10271578333.3,-58.10510802453342
10276576666.7,-57.91375323640175
10281575000.0,-57.74007775892825
10286573333.3,-57.84303150323468
10291571666.7,-57.6246519640626
10296570000.0,-58.04373697676637
10301568333.3,-57.47422743352
10306566666.7,-58.035128359586395
10311565000.0,-57.913711519963435
10316563333.3,-58.05750756614809
10321561666.7,-58.30393150881554
10326560000.0,-58.242197153733386
10331558333.3,-58.478208346916304
10336556666.7,-58.34465160263305
10341555000.0,-58.737755170528985
10346553333.3,-58.19424807656307
10351551666.7,-58.53038263405077
10356550000.0,-58.18955951902967
10361548333.3,-57.99607841469889
10366546666.7,-58.29428367184289
10371545000.0,-58.31899845156724
10376543333.3,-57.802638023478096
10381541666.7,-58.18259814279712
10386540000.0,-57.77829178013433
10391538333.3,-57.928365153069244
10396536666.7,-58.283096704975684
10401535000.0,-57.96797530364234
10406533333.3,-58.32202980329232
10411531666.7,-58.13265237379579
10416530000.0,-58.34681452735368
10421528333.3,-58.43497471153101
10426526666.7,-58.290511424122
10431525000.0,-58.25064414113919
10436523333.3,-58.251256153165755
10441521666.7,-58.41785209390415
10446520000.0,-58.31990866331533
10451518333.3,-57.96613007922157
10456516666.7,-58.38406095876947
10461515000.0,-57.75151067247296
10466513333.3,-58.35981289664297
10471511666.7,-58.38234416169212
10476510000.0,-58.308283350922366
10481508333.3,-58.12184710765382
10486506666.7,-58.67565537164742
10491505000.0,-58.1803034919697
10496503333.3,-58.59667540249457
10501501666.7,-58.92805832547289
10506500000.0,-59.17250394872259
10511498333.3,-59.19740431581508
10516496666.7,-58.655095604743615
10521495000.0,-58.91472475266337
10526493333.3,-59.174544698960844
10531491666.7,-58.854978877930805
10536490000.0,-58.7210512265944
10541488333.3,-58.42794102094449
10546486666.7,-58.95672648351703
10551485000.0,-58.57148520713857
10556483333.3,-58.76159600942568
10561481666.7,-58.17989181461199
10566480000.0,-58.57122237155223
10571478333.3,-58.84609734608312
10576476666.7,-58.92020334946355
10581475000.0,-58.630460460678364
10586473333.3,-58.95585870505032
10591471666.7,-59.340298663013094
10596470000.0,-59.24982827022763
10601468333.3,-58.947347426597105
10606466666.7,-59.22961809067008
10611465000.0,-59.25996856327732
10616463333.3,-59.48170361181715
10621461666.7,-58.76582493831016
10626460000.0,-58.70309068459774
10631458333.3,-58.92037948933327
10636456666.7,-58.98632528721551
10641455000.0,-59.31723962470674
10646453333.3,-59.28368746171935
10651451666.7,-58.87689239575757
10656450000.0,-59.339129465445765
10661448333.3,-59.42485919157308
10666446666.7,-59.236414348739366
10671445000.0,-59.40259390792299
10676443333.3,-59.31483733265761
10681441666.7,-59.28718344250055
10686440000.0,-59.73983541139717
10691438333.3,-59.01485298102213
10696436666.7,-59.02726521839516
10701435000.0,-58.80284304385975
10706433333.3,-58.6869093588418
10711431666.7,-58.47150181806499
10716430000.0,-59.22556930947833
10721428333.3,-59.0561951131123
10726426666.7,-58.56880002859587
10731425000.0,-58.6484039790423
10736423333.3,-58.75989114641071
10741421666.7,-58.869778019293435
10746420000.0,-59.30789250765028
10751418333.3,-58.64114937726768
10756416666.7,-58.79858989668158
10761415000.0,-59.18388214079415
10766413333.3,-59.226297586936354
10771411666.7,-60.290395084371546
10776410000.0,-60.01524875647739
10781408333.3,-60.005039371845534
10786406666.7,-60.035077202166356
10791405000.0,-59.377275201717914
10796403333.3,-59.63068415243545
10801401666.7,-59.53776195461492
10806400000.0,-59.62838656588299
10811398333.3,-59.518958628168406
10816396666.7,-59.818016510089706
10821395000.0,-59.41949773680304
10826393333.3,-59.401262108535846
10831391666.7,-60.072072917550116
10836390000.0,-59.52558984496834
10841388333.3,-60.3891650179022
10846386666.7,-60.65405624964925
10851385000.0,-60.47358825712777
10856383333.3,-60.936973140353956
10861381666.7,-61.07217778010924
10866380000.0,-60.93272371428987
10871378333.3,-60.78128782741109
10876376666.7,-60.529659471166106
10881375000.0,-60.300917385823574
10886373333.3,-60.26397061924882
10891371666.7,-60.24969607194545
10896370000.0,-60.558835470907965
10901368333.3,-60.93721790657612
10906366666.7,-60.550549223422934
10911365000.0,-60.3611455476154
10916363333.3,-59.82913079858232
10921361666.7,-60.058138214641225
10926360000.0,-60.541287243782904
10931358333.3,-60.67258334068605
10936356666.7,-60.49250857445064
10941355000.0,-60.594881292387626
10946353333.3,-60.45047764688064
10951351666.7,-60.53394052388561
10956350000.0,-61.060887297189325
10961348333.3,-60.06833263393966
10966346666.7,-60.32291634736514
10971345000.0,-59.62308437636907
10976343333.3,-59.97794445022764
10981341666.7,-59.802506046909215
10986340000.0,-60.17852958585162
10991338333.3,-59.75491262944365
10996336666.7,-59.12203378875528
11001335000.0,-59.94828721156001
11006333333.3,-60.70208539683125
11011331666.7,-59.88272928297408
11016330000.0,-60.46456060993174
11021328333.3,-60.07996092652313
11026326666.7,-60.78892873177888
11031325000.0,-60.27640792360355
11036323333.3,-60.37616109728137
11041321666.7,-60.26710598850502
11046320000.0,-60.51263901630406
11051318333.3,-60.389702785509456
11056316666.7,-60.4111848269516
11061315000.0,-60.38557363028724
11066313333.3,-60.055801103693234
11071311666.7,-60.4552581199589
11076310000.0,-60.383891274616424
11081308333.3,-60.01178412038926
11086306666.7,-60.27185308532381
11091305000.0,-61.213814451961994
11096303333.3,-60.529201007369025
11101301666.7,-61.11038981244426
11106300000.0,-60.450148120739414
11111298333.3,-61.14711341947832
11116296666.7,-61.517451897781996
11121295000.0,-61.848578352590884
11126293333.3,-61.14024469795929
11131291666.7,-60.97185575149722
11136290000.0,-61.580125187089614
11141288333.3,-61.28386699756186
11146286666.7,-60.89725903216481
11151285000.0,-60.58772475256812
11156283333.3,-60.95791094392897
11161281666.7,-60.47525445046976
11166280000.0,-61.02762567339131
11171278333.3,-61.29288685418177
11176276666.7,-60.97881985487809
11181275000.0,-61.52162840641206
11186273333.3,-61.17149513347602
11191271666.7,-61.28128087005919
11196270000.0,-61.20479278058791
11201268333.3,-61.45197043481234
11206266666.7,-61.15911734703083
11211265000.0,-61.46176533867581
11216263333.3,-61.12505879054038
11221261666.7,-60.79838586084022
11226260000.0,-61.1071060361813
11231258333.3,-60.78409495947409
11236256666.7,-60.360277284214135
11241255000.0,-61.45343407283328
11246253333.3,-61.03208054488149
11251251666.7,-61.020667451278044
11256250000.0,-60.679741684861796
11261248333.3,-60.94674792406379
11266246666.7,-60.08922100885762
11271245000.0,-60.156672518185786
11276243333.3,-60.90474127470244
11281241666.7,-60.4610466419616
11286240000.0,-61.02025589146741
11291238333.3,-60.54198565498525
11296236666.7,-60.87703875811185
11301235000.0,-60.73438770314329
11306233333.3,-60.821262344227634
11311231666.7,-60.19739719821014
11316230000.0,-60.81884990917211
11321228333.3,-60.62073060639385
11326226666.7,-60.8794907056384
11331225000.0,-60.44006397901199
11336223333.3,-60.31103765101561
11341221666.7,-60.408429855493075
11346220000.0,-61.01428843783615
11351218333.3,-61.064922514939084
11356216666.7,-60.56489824650371
11361215000.0,-60.87003020560468
11366213333.3,-60.635606802949454
11371211666.7,-61.208910066234914
11376210000.0,-60.8978151860903
11381208333.3,-61.012159651160104
11386206666.7,-60.813039296353615
11391205000.0,-61.538229870909866
11396203333.3,-61.13310106503686
11401201666.7,-61.30419443800845
11406200000.0,-61.06236477301592
11411198333.3,-61.40270739972785
11416196666.7,-61.126713839277826
11421195000.0,-60.97494373059878
11426193333.3,-60.57293193457241
11431191666.7,-60.39519720045443
11436190000.0,-61.00666682907847
11441188333.3,-60.90429998241412
11446186666.7,-61.26669986732702
11451185000.0,-61.16380772414949
11456183333.3,-60.90483688442741
11461181666.7,-61.13136983472625
11466180000.0,-61.29118481199035
11471178333.3,-61.106014474476076
11476176666.7,-61.49566614066448
11481175000.0,-61.00981252818546
11486173333.3,-60.838084142170665
11491171666.7,-61.262946780819306
11496170000.0,-60.934343467439625
11501168333.3,-61.479459231642366
11506166666.7,-61.02000592315042
11511165000.0,-60.51298181827727
11516163333.3,-60.706409199621156
11521161666.7,-61.00509982956296
11526160000.0,-61.28431887536913
11531158333.3,-60.76544491111698
11536156666.7,-61.19032349032733
11541155000.0,-61.78462795291436
11546153333.3,-61.184360790811894
11551151666.7,-61.321925948406445
11556150000.0,-61.608026137827245
11561148333.3,-62.003384206941334
11566146666.7,-61.425603476715445
11571145000.0,-61.712164468383286
11576143333.3,-61.03196598845414
11581141666.7,-60.870904004628265
11586140000.0,-60.286325763799866
11591138333.3,-60.2409450453479
11596136666.7,-60.66610567986793
11601135000.0,-60.54194198576967
11606133333.3,-61.288598305781335
11611131666.7,-60.912487346374476
11616130000.0,-61.15268575038385
11621128333.3,-61.24910687724329
11626126666.7,-61.49674536360998
11631125000.0,-61.73886046556504
11636123333.3,-61.9414861519889
11641121666.7,-61.02280239045059
11646120000.0,-61.16259144637077
11651118333.3,-61.16901063688539
11656116666.7,-60.79878980689521
11661115000.0,-61.23169749240737
11666113333.3,-61.047065912068575
11671111666.7,-60.927365559369605
11676110000.0,-60.96287616873017
11681108333.3,-60.53668017905014
11686106666.7,-61.12260457076403
11691105000.0,-60.79810653100346
11696103333.3,-60.750374195991405
11701101666.7,-61.61336580447323
11706100000.0,-61.3825288554436
11711098333.3,-61.20642878105629
11716096666.7,-61.868657634912
11721095000.0,-61.55261092035633
11726093333.3,-61.39189535576339
11731091666.7,-61.42190596512965
11736090000.0,-60.98223604729629
11741088333.3,-61.43083265875299
11746086666.7,-61.59490873475305
11751085000.0,-60.969002861404476
11756083333.3,-60.84704531543949
11761081666.7,-60.96590376880173
11766080000.0,-61.12607636237645
11771078333.3,-61.37209995447538
11776076666.7,-61.17024515699988
11781075000.0,-60.98574332427525
11786073333.3,-61.67099122637667
11791071666.7,-61.44669696533739
11796070000.0,-61.207943662708225
11801068333.3,-61.725881551428934
11806066666.7,-61.97014253998766
11811065000.0,-61.093577445565
11816063333.3,-61.257704941078906
11821061666.7,-61.00754081652819
11826060000.0,-61.22788611568563
11831058333.3,-60.85025675613767
11836056666.7,-61.31602715945675
11841055000.0,-61.36587628059661
11846053333.3,-60.74358045761003
11851051666.7,-61.774908145763064
11856050000.0,-61.431612117492776
11861048333.3,-61.44774426242862
11866046666.7,-60.80108986164542
11871045000.0,-61.12552469624001
11876043333.3,-61.47154485155137
11881041666.7,-60.69237188772459
11886040000.0,-61.440101409898986
11891038333.3,-61.808478195194716
11896036666.7,-61.77155496295539
11901035000.0,-61.584715297458025
11906033333.3,-61.844239005411126
11911031666.7,-61.129919220105855
11916030000.0,-62.41191964153437
11921028333.3,-61.642989965149475
11926026666.7,-61.86460608643838
11931025000.0,-61.65994389319512
11936023333.3,-61.45382472803903
11941021666.7,-62.16542921334337
11946020000.0,-60.97711913165771
11951018333.3,-60.99242855939295
11956016666.7,-61.59136002505801
11961015000.0,-62.36282060558971
11966013333.3,-61.66693789539017
11971011666.7,-62.084389167521394
11976010000.0,-61.36654777075624
11981008333.3,-61.7094204671115
11986006666.7,-61.82955110029273
11991005000.0,-62.062017832146054
11996003333.3,-61.264531866645086
12001001666.7,-60.56803324835205
12006000000.0,-60.71227677330869
12010998333.3,-60.34532989625858
12015996666.7,-61.16276765846568
12020995000.0,-60.89516734552848
12025993333.3,-60.46814082170602
12030991666.7,-60.680295021671924
12035990000.0,-61.419770618969565
12040988333.3,-60.058323852971746
12045986666.7,-60.860271967921605
12050985000.0,-61.5496948872105
12055983333.3,-61.222199734430134
12060981666.7,-61.66485198557706
12065980000.0,-60.99831058480477
12070978333.3,-60.53466216905601
12075976666.7,-61.52403333421101
12080975000.0,-61.389141610377074
12085973333.3,-60.89551651756711
12090971666.7,-61.05235026615781
12095970000.0,-61.282212510608886
12100968333.3,-60.069365434947386
12105966666.7,-60.83821195754423
12110965000.0,-61.150071250178684
12115963333.3,-60.90708096558004
12120961666.7,-60.340086244949084
12125960000.0,-61.55473134891498
12130958333.3,-60.55193206083459
12135956666.7,-60.638925777278885
12140955000.0,-60.99992452849221
12145953333.3,-61.35453886245454
12150951666.7,-61.65043823831836
12155950000.0,-61.52048773910885
12160948333.3,-60.90358349754621
12165946666.7,-61.223668286652845
12170945000.0,-61.38229663328262
12175943333.3,-61.645233737857055
12180941666.7,-61.182556579008846
12185940000.0,-60.91367930684031
12190938333.3,-61.274502331390295
12195936666.7,-61.26034899859278
12200935000.0,-61.06011875170178
12205933333.3,-61.57378691799021
12210931666.7,-60.77440807585921
12215930000.0,-60.958512352866535
12220928333.3,-61.63442287816288
12225926666.7,-61.319966493054196
12230925000.0,-60.721684076853116
12235923333.3,-61.45943492987556
12240921666.7,-62.35846871600974
12245920000.0,-60.873522516595784
12250918333.3,-61.46656557619604
12255916666.7,-60.9609264576195
12260915000.0,-61.727068230363294
12265913333.3,-61.648660346813536
12270911666.7,-61.42828916953693
12275910000.0,-60.71495548571092
12280908333.3,-61.76347058363393
12285906666.7,-60.690875625154
12290905000.0,-61.549092145540754
12295903333.3,-60.87995294472866
12300901666.7,-61.32609478521384
12305900000.0,-60.90448787061926
12310898333.3,-61.485254460773184
12315896666.7,-60.39056974360686
12320895000.0,-60.921147806664464
12325893333.3,-60.3877438330955
12330891666.7,-60.0654671236978
12335890000.0,-60.75982808165232
12340888333.3,-60.74030288143993
12345886666.7,-59.641670910058565
12350885000.0,-60.504966916152625
12355883333.3,-60.041952875171624
12360881666.7,-59.99172950330983
12365880000.0,-60.080573031315
12370878333.3,-60.41188380352832
12375876666.7,-59.95101288976876
12380875000.0,-60.88956829354152
12385873333.3,-60.703078199634234
12390871666.7,-60.944461842676525
12395870000.0,-60.6501837265109
12400868333.3,-60.73357304165868
12405866666.7,-60.271642727886594
12410865000.0,-61.47797297430437
12415863333.3,-61.670184789944784
12420861666.7,-61.081327396537894
12425860000.0,-60.892182783513825
12430858333.3,-61.035674290019344
12435856666.7,-61.04334827056415
12440855000.0,-60.430679279277896
12445853333.3,-60.01909566276194
12450851666.7,-61.0163876157563
12455850000.0,-60.44900976880218
12460848333.3,-60.71581087303959
12465846666.7,-60.82849500329282
12470845000.0,-61.17337818824516
12475843333.3,-61.622507242403614
12480841666.7,-61.77051217991981
12485840000.0,-61.67433329921955
12490838333.3,-62.21913416163542
12495836666.7,-61.887777942218676
12500835000.0,-61.25797688195608
12505833333.3,-61.34129767740946
12510831666.7,-61.79234069716674
12515830000.0,-62.196247461840876
12520828333.3,-61.864820354685534
12525826666.7,-62.11333959530486
12530825000.0,-61.29229873897525
12535823333.3,-61.59607813911079
12540821666.7,-62.264754088972545
12545820000.0,-61.399024680325994
12550818333.3,-61.756598964783755
12555816666.7,-61.65489280938668
12560815000.0,-62.102040910805584
12565813333.3,-62.10951657695573
12570811666.7,-61.53648480204117
12575810000.0,-61.643718984869224
12580808333.3,-62.46711815067813
12585806666.7,-61.75318372305511
12590805000.0,-61.730967944384744
12595803333.3,-62.00477243675504
12600801666.7,-62.168591687943994
12605800000.0,-61.41575167719437
12610798333.3,-61.55123493055428
12615796666.7,-61.205738563658336
12620795000.0,-62.01839142433309
12625793333.3,-61.648872775535196
12630791666.7,-61.51829511250063
12635790000.0,-61.84493856575987
12640788333.3,-60.92916217456364
12645786666.7,-60.82337115046347
12650785000.0,-61.60438781280749
12655783333.3,-61.62171220221164
12660781666.7,-62.279496570370554
12665780000.0,-61.647113028619955
12670778333.3,-62.176776206996095
12675776666.7,-61.45500755341011
12680775000.0,-61.12670440733628
12685773333.3,-61.60700021324146
12690771666.7,-61.25112675672788
12695770000.0,-61.39024750285202
12700768333.3,-61.294363801034784
12705766666.7,-61.35293953371683
12710765000.0,-61.82091210566632
12715763333.3,-61.56757417667329
12720761666.7,-62.11459564824905
12725760000.0,-62.03401096823281
12730758333.3,-61.894422665791154
12735756666.7,-62.062858585306515
12740755000.0,-62.01728207946901
12745753333.3,-62.41244370013096
12750751666.7,-62.56142342030689
12755750000.0,-62.36840874762102
12760748333.3,-61.99151579709239
12765746666.7,-62.353289761325605
12770745000.0,-61.43207016134123
12775743333.3,-62.19456398051521
12780741666.7,-61.88724507461309
12785740000.0,-61.86531030899747
12790738333.3,-61.86910304657432
12795736666.7,-62.579578286594526
12800735000.0,-61.90388709954664
12805733333.3,-62.29030217564562
12810731666.7,-62.53617075098168
12815730000.0,-62.11995634497634
12820728333.3,-61.84169925362716
12825726666.7,-62.833693342986834
12830725000.0,-62.99074952309077
12835723333.3,-62.97717475209665
12840721666.7,-62.13485058342873
12845720000.0,-63.18073893277678
12850718333.3,-62.925388764045174
12855716666.7,-62.108422715988056
12860715000.0,-62.20872565849659
12865713333.3,-61.98251063215509
12870711666.7,-61.84799963039448
12875710000.0,-62.60761263446188
12880708333.3,-61.59188347184303
12885706666.7,-62.214320532838094
12890705000.0,-61.984627166684305
12895703333.3,-62.0594523644086
12900701666.7,-62.42821844515336
12905700000.0,-62.01198380282825
12910698333.3,-62.01144752508825
12915696666.7,-62.284824514484896
12920695000.0,-62.32134207938846
12925693333.3,-62.92494343149475
12930691666.7,-62.53972690366895
12935690000.0,-61.604060022964546
12940688333.3,-62.62350263612628
12945686666.7,-62.33745055947545
12950685000.0,-61.83752959147962
12955683333.3,-62.320824028476345
12960681666.7,-62.49319697179769
12965680000.0,-62.19509637051286
12970678333.3,-62.6377572532748
12975676666.7,-61.6726521238492
12980675000.0,-61.929005518570435
12985673333.3,-63.02475494734165
12990671666.7,-62.51766881409121
12995670000.0,-62.35143936867776
13000668333.3,-62.442316360457106
13005666666.7,-62.164432426747126
13010665000.0,-62.316519208488906
13015663333.3,-62.634240606611684
13020661666.7,-62.58402364949692
13025660000.0,-62.11252071167118
13030658333.3,-62.09751432648389
13035656666.7,-61.65875777061793
13040655000.0,-62.338833915253105
13045653333.3,-62.503801174411244
13050651666.7,-61.412169522554564
13055650000.0,-62.093594795438335
13060648333.3,-61.93681389593789
13065646666.7,-61.808535411615246
13070645000.0,-62.46434344950049
13075643333.3,-61.88069746846669
13080641666.7,-60.99103123606721
13085640000.0,-61.685567376861556
13090638333.3,-61.38349280974667
13095636666.7,-62.38396894974219
13100635000.0,-62.429788291986625
13105633333.3,-61.493123716250565
13110631666.7,-62.60078127282977
13115630000.0,-62.26577091872197
13120628333.3,-61.48672849768491
13125626666.7,-62.804579907251494
13130625000.0,-61.754493294233235
13135623333.3,-62.033920171054675
13140621666.7,-61.76514137670064
13145620000.0,-61.12140640684664
13150618333.3,-61.51559409153834
13155616666.7,-61.202298509422064
13160615000.0,-62.50111725247705
13165613333.3,-61.680673076216664
13170611666.7,-61.66430907678838
13175610000.0,-61.82185620995722
13180608333.3,-62.60188421181386
13185606666.7,-61.48925330949416
13190605000.0,-62.113155005055546
13195603333.3,-62.13426956841786
13200601666.7,-62.229489651274065
13205600000.0,-62.089128396386414
13210598333.3,-62.28134958391391
13215596666.7,-62.531915329696986
13220595000.0,-62.13587304704805
13225593333.3,-62.13844803729924
13230591666.7,-62.3008894453557
13235590000.0,-61.69711584199029
13240588333.3,-61.7772285532763
13245586666.7,-62.39925493788008
13250585000.0,-62.537941213565745
13255583333.3,-62.40463222577218
13260581666.7,-62.38950422105471
13265580000.0,-63.00012117816667
13270578333.3,-62.23696088072994
13275576666.7,-61.61528555690949
13280575000.0,-62.56664129328228
13285573333.3,-63.00009185437206
13290571666.7,-61.58758949267421
13295570000.0,-62.45147345451755
13300568333.3,-62.71168131808538
13305566666.7,-62.13273124241436
13310565000.0,-61.9163235413091
13315563333.3,-62.64710884433239
13320561666.7,-62.17292522369162
13325560000.0,-63.05873393476146
13330558333.3,-62.62101499111208
13335556666.7,-62.081816200575346
13340555000.0,-62.44205356342726
13345553333.3,-61.982375447534736
13350551666.7,-61.96775118696061
13355550000.0,-62.5353985903887
13360548333.3,-62.20931269425022
13365546666.7,-62.20371261618973
13370545000.0,-61.81481179791243
13375543333.3,-61.86303386546452
13380541666.7,-62.36689391366285
13385540000.0,-62.467952985674565
13390538333.3,-61.91068284290682
13395536666.7,-61.749162913650785
13400535000.0,-62.061953711251086
13405533333.3,-61.68052499968553
13410531666.7,-61.49881203079926
13415530000.0,-62.745253412158064
13420528333.3,-62.08346748405363
13425526666.7,-62.04212139676364
13430525000.0,-62.66334068243361
13435523333.3,-62.468227118393045
13440521666.7,-62.49757480075801
13445520000.0,-63.10274166646553
13450518333.3,-61.949861354725655
13455516666.7,-62.64200710550685
13460515000.0,-62.0784107361256
13465513333.3,-62.24483480984591
13470511666.7,-62.13904766747875
13475510000.0,-62.15668842947843
13480508333.3,-62.29443492831681
13485506666.7,-62.14502287227272
13490505000.0,-61.91598419364106
13495503333.3,-62.26934532175412
13500501666.7,-62.73485290967071
13505500000.0,-62.03435337528744
13510498333.3,-62.02863767623811
13515496666.7,-62.95328713309203
13520495000.0,-62.81346940288904
13525493333.3,-62.40172182373462
13530491666.7,-62.45814597107494
13535490000.0,-62.66232594023241
13540488333.3,-62.55878204814149
13545486666.7,-62.1300636224938
13550485000.0,-63.49653383563799
13555483333.3,-62.737202920038875
13560481666.7,-62.72129205055477
13565480000.0,-62.585489737463604
13570478333.3,-62.67611615666156
13575476666.7,-62.35139499799349
13580475000.0,-63.525278254978154
13585473333.3,-63.85872329689118
13590471666.7,-63.496551574437945
13595470000.0,-63.07564619506031
13600468333.3,-63.32396493713206
13605466666.7,-63.44278927894942
13610465000.0,-63.412663808311834
13615463333.3,-63.03470854138869
13620461666.7,-63.976261707106076
13625460000.0,-63.8807753367773
13630458333.3,-64.00938675183609
13635456666.7,-63.41215112335923
13640455000.0,-63.25861611276412
13645453333.3,-63.18882791645649
13650451666.7,-62.69645822280762
13655450000.0,-62.412424093160354
13660448333.3,-63.0359148908328
13665446666.7,-62.29824509010287
13670445000.0,-62.843573548488735
13675443333.3,-63.10487270469629
13680441666.7,-62.39209424719639
13685440000.0,-62.712805826360594
13690438333.3,-62.835395242203944
13695436666.7,-62.28394582381814
13700435000.0,-62.443854554417726
13705433333.3,-62.16732024809306
13710431666.7,-62.14422390631299
13715430000.0,-62.10936096096725
13720428333.3,-62.40492953299111
13725426666.7,-61.65066204784593
13730425000.0,-62.323528877426924
13735423333.3,-62.15836958855054
13740421666.7,-62.520682396639856
13745420000.0,-62.614400693158565
13750418333.3,-61.84347717620763
13755416666.7,-62.07013378848472
13760415000.0,-62.21910172208166
13765413333.3,-62.33687701264374
13770411666.7,-63.011647975589995
13775410000.0,-63.496069166207604
13780408333.3,-62.36524927011163
13785406666.7,-63.45926055552272
13790405000.0,-62.9800714886771
13795403333.3,-62.5451821646428
13800401666.7,-62.54032613383017
13805400000.0,-62.3763851417189
13810398333.3,-63.35340592981464
13815396666.7,-62.996439952388144
13820395000.0,-63.48922225977346
13825393333.3,-62.85571152933709
13830391666.7,-62.590097031629135
13835390000.0,-62.34643254908481
13840388333.3,-62.86975356742937
13845386666.7,-63.1906233196204
13850385000.0,-63.27424240507858
13855383333.3,-63.16243334270134
13860381666.7,-62.84292440152861
13865380000.0,-62.80292808705028
13870378333.3,-63.129423219278074
13875376666.7,-62.74775206576069
13880375000.0,-63.265801231971245
13885373333.3,-63.66132709187026
13890371666.7,-62.729569530916145
13895370000.0,-63.143546645357766
13900368333.3,-62.51226744901718
13905366666.7,-62.420612681868164
13910365000.0,-63.10631062939548
13915363333.3,-62.357620757301135
13920361666.7,-62.418445289317994
13925360000.0,-62.44698620788217
13930358333.3,-63.06467230025325
13935356666.7,-62.913035719956554
13940355000.0,-62.35845447809287
13945353333.3,-63.10638547459584
13950351666.7,-62.97629437864239
13955350000.0,-63.31354007647825
13960348333.3,-63.38100777466269
13965346666.7,-62.792807935079054
13970345000.0,-62.91936245198943
13975343333.3,-61.76195568634712
13980341666.7,-62.52400050852622
13985340000.0,-62.16234101960519
13990338333.3,-61.96213614770613
13995336666.7,-62.14360781740693
14000335000.0,-62.58277075951621
14005333333.3,-61.84443803698209
14010331666.7,-61.87589303385863
14015330000.0,-61.689314288422196
14020328333.3,-62.07805938199709
14025326666.7,-62.17350016958914
14030325000.0,-61.98035468450801
14035323333.3,-61.71981651361649
14040321666.7,-61.96866770724296
14045320000.0,-61.64142513525793
14050318333.3,-61.90245312440477
14055316666.7,-61.12511715717457
14060315000.0,-62.01067005606958
14065313333.3,-61.87499131726994
14070311666.7,-60.78523768767929
14075310000.0,-61.41007375241733
14080308333.3,-62.02577542996096
14085306666.7,-61.87536401224402
14090305000.0,-62.213583757443736
14095303333.3,-61.575103652258335
14100301666.7,-61.87398842044538
14105300000.0,-61.942231925984245
14110298333.3,-62.3126275348727
14115296666.7,-62.52711837449981
14120295000.0,-61.394362813238956
14125293333.3,-62.549779084918114
14130291666.7,-62.0047951825514
14135290000.0,-62.21820968857794
14140288333.3,-62.13919830720095
14145286666.7,-62.2970698438571
14150285000.0,-61.480546743676086
14155283333.3,-62.2890059034616
14160281666.7,-63.00380695937236
14165280000.0,-62.10489892741788
14170278333.3,-61.757639028925354
14175276666.7,-61.814344602922866
14180275000.0,-62.54943831368766
14185273333.3,-61.65580856848657
14190271666.7,-62.45189499950907
14195270000.0,-61.93944638103212
14200268333.3,-62.31442907516667
14205266666.7,-62.23770199076701
14210265000.0,-62.32499565401571
14215263333.3,-63.3790890566183
14220261666.7,-62.112379388095746
14225260000.0,-61.83589495369772
14230258333.3,-61.992653690524556
14235256666.7,-61.67008803004454
14240255000.0,-61.6922044466617
14245253333.3,-61.85469231933146
14250251666.7,-62.33995157447026
14255250000.0,-61.98647995305849
14260248333.3,-62.34116481454312
14265246666.7,-62.39351580192935
14270245000.0,-62.433745779886635
14275243333.3,-62.39564917714879
14280241666.7,-62.04611853870758
14285240000.0,-62.50319501364845
14290238333.3,-62.43769975275538
14295236666.7,-62.680026142125065
14300235000.0,-62.63162928158738
14305233333.3,-62.22655668672076
14310231666.7,-63.059968029660915
14315230000.0,-62.17899037377808
14320228333.3,-62.661264725117704
14325226666.7,-62.0156495468206
14330225000.0,-62.08042328041475
14335223333.3,-62.22666881154951
14340221666.7,-62.6161305855984
14345220000.0,-61.746770101105724
14350218333.3,-62.03698921164529
14355216666.7,-62.17192512757435
14360215000.0,-62.16644646412167
14365213333.3,-62.41051559521417
14370211666.7,-61.80063618136873
14375210000.0,-61.98456738064745
14380208333.3,-62.06675398553102
14385206666.7,-62.294790047554194
14390205000.0,-62.92166051774298
14395203333.3,-62.07000777747895
14400201666.7,-61.97387828463067
14405200000.0,-62.13362746998299
14410198333.3,-62.09651558164388
14415196666.7,-61.58659403729232
14420195000.0,-62.09292354519736
14425193333.3,-61.05299140109889
14430191666.7,-62.07864848584032
14435190000.0,-61.69391267997001
14440188333.3,-62.12235059374557
14445186666.7,-62.13309429716173
14450185000.0,-62.7056599985222
14455183333.3,-62.21227800215119
14460181666.7,-61.81386582457077
14465180000.0,-62.52611962695747
14470178333.3,-62.878260257294784
14475176666.7,-62.82455091198068
14480175000.0,-63.302146128504965
14485173333.3,-62.624827094314824
14490171666.7,-62.45152835402095
14495170000.0,-62.245462442450616
14500168333.3,-62.71636938777195
14505166666.7,-62.90086449188854
14510165000.0,-61.9211724672752
14515163333.3,-62.247717513577015
14520161666.7,-62.6484608330198
14525160000.0,-62.64104409305076
14530158333.3,-63.27723459163995
14535156666.7,-62.9190388437711
14540155000.0,-62.765461586283465
14545153333.3,-64.08889425301494
14550151666.7,-63.269517793322265
14555150000.0,-63.78177071584798
14560148333.3,-63.40916706762358
14565146666.7,-63.81902427680214
14570145000.0,-63.754989065384315
14575143333.3,-62.68324275799341
14580141666.7,-64.04223334135168
14585140000.0,-63.03026488183178
14590138333.3,-62.52283975532089
14595136666.7,-63.223689133870465
14600135000.0,-63.80461092014726
14605133333.3,-62.89715715988902
14610131666.7,-62.96228132662927
14615130000.0,-63.06766066273477
14620128333.3,-63.32410785883077
14625126666.7,-63.11071904545141
14630125000.0,-62.75041534829333
14635123333.3,-63.11622360233446
14640121666.7,-62.82940770310817
14645120000.0,-63.6791361463642
14650118333.3,-63.26178699610394
14655116666.7,-63.27400747874571
14660115000.0,-62.76455878666746
14665113333.3,-62.620160862883345
14670111666.7,-62.3767138516104
14675110000.0,-62.96398986764458
14680108333.3,-62.27313377586838
14685106666.7,-63.04832980233502
14690105000.0,-63.06134149923848
14695103333.3,-62.145837897805016
14700101666.7,-62.38888535141235
14705100000.0,-62.72460031028055
14710098333.3,-63.33309648154845
14715096666.7,-63.2002791869389
14720095000.0,-62.83848585340398
14725093333.3,-63.47305911932526
14730091666.7,-62.99240996993846
14735090000.0,-62.34507793876834
14740088333.3,-62.96134542570503
14745086666.7,-63.00747288341698
14750085000.0,-62.699685425174316
14755083333.3,-61.6390806728949
14760081666.7,-62.49999916969179
14765080000.0,-62.2747280967073
14770078333.3,-62.0746076375747
14775076666.7,-62.6144385671639
14780075000.0,-62.3337356237507
14785073333.3,-62.76865907928803
14790071666.7,-61.9220421218186
14795070000.0,-62.61553669094346
14800068333.3,-62.52489881312642
14805066666.7,-62.23888114333299
14810065000.0,-63.62908486909609
14815063333.3,-63.10512171308906
14820061666.7,-63.00990818774443
14825060000.0,-62.416939172417074
14830058333.3,-62.934953255794696
14835056666.7,-62.90892418246785
14840055000.0,-63.474441284738944
14845053333.3,-63.00210896985171
14850051666.7,-62.051819866365065
14855050000.0,-62.780801841595455
14860048333.3,-63.30499865561859
14865046666.7,-62.426146202011765
14870045000.0,-62.5776882637064
14875043333.3,-62.113478556943456
14880041666.7,-62.644202182842605
14885040000.0,-63.13231768839286
14890038333.3,-63.6245941757165
14895036666.7,-64.3235179515637
14900035000.0,-64.76635690517837
14905033333.3,-64.04550156517595
14910031666.7,-63.61602917053218
14915030000.0,-63.00356035101083
14920028333.3,-63.099813896599066
14925026666.7,-63.40701753845895
14930025000.0,-62.88918036353023
14935023333.3,-62.56521385655239
14940021666.7,-62.37893463287946
14945020000.0,-62.00782357781145
14950018333.3,-61.95129354968245
14955016666.7,-61.511814035386735
14960015000.0,-62.419911891176405
14965013333.3,-62.07533154183569
14970011666.7,-61.90048771006643
14975010000.0,-61.737730917227445
14980008333.3,-61.90330569082556
14985006666.7,-61.675008890740095
14990005000.0,-62.632089048046865
14995003333.3,-61.988571477426795
15000001666.7,-62.847913524634066
15005000000.0,-62.458839833142335
15009998333.3,-62.29392957673944
15014996666.7,-62.148241408370765
15019995000.0,-61.940794369281704
15024993333.3,-61.86404237456408
15029991666.7,-61.89920584963909
15034990000.0,-62.42463982730484
15039988333.3,-62.00740382179147
15044986666.7,-62.331340288619145
15049985000.0,-62.37454650479998
15054983333.3,-61.719034812408026
15059981666.7,-61.3612024418757
15064980000.0,-61.95451343564412
15069978333.3,-61.302676137656945
15074976666.7,-61.5039508509826
15079975000.0,-61.66989499630769
15084973333.3,-61.832681817420905
15089971666.7,-61.35590809964127
15094970000.0,-61.852536380536094
15099968333.3,-61.47899321606403
15104966666.7,-62.0750841950033
15109965000.0,-61.412746227275505
15114963333.3,-61.06518551520385
15119961666.7,-61.975189623152474
15124960000.0,-61.17195603395578
15129958333.3,-61.23237348612834
15134956666.7,-61.49706141380761
15139955000.0,-61.683360603054346
15144953333.3,-61.68517981618963
15149951666.7,-61.97063056820642
15154950000.0,-62.210149939684
15159948333.3,-62.36128946742891
15164946666.7,-62.606328248415785
15169945000.0,-62.7495886972471
15174943333.3,-61.878519566080925
15179941666.7,-62.71067218146647
15184940000.0,-61.706007704661666
15189938333.3,-62.42254857137717
15194936666.7,-62.49757872086661
15199935000.0,-62.76268209988849
15204933333.3,-62.49081052293279
15209931666.7,-62.39780783010587
15214930000.0,-62.49094796013076
15219928333.3,-62.79497926693427
15224926666.7,-63.0243043339781
15229925000.0,-62.840913446599494
15234923333.3,-63.671958315438175
15239921666.7,-63.617887227507524
15244920000.0,-63.628233268309195
15249918333.3,-63.02872097764225
15254916666.7,-63.065966887417815
15259915000.0,-62.895903679611706
15264913333.3,-62.437132930311094
15269911666.7,-63.302531762116246
15274910000.0,-63.541965703216555
15279908333.3,-62.58054926256584
15284906666.7,-62.68948826828235
15289905000.0,-63.25725795274912
15294903333.3,-62.42474862133602
15299901666.7,-62.454636046111595
15304900000.0,-62.967347554948205
15309898333.3,-61.59180023050503
15314896666.7,-62.92377305281167
15319895000.0,-62.549710493784104
15324893333.3,-62.31021179911459
15329891666.7,-62.184819906838165
15334890000.0,-61.76703749284148
15339888333.3,-62.071100971602924
15344886666.7,-62.1576560026082
15349885000.0,-61.9976627702475
15354883333.3,-63.33214772696513
15359881666.7,-62.609742595815455
15364880000.0,-62.574458725452786
15369878333.3,-62.01002116218989
15374876666.7,-62.60594459564079
15379875000.0,-61.657652222391484
15384873333.3,-61.9349200077002
15389871666.7,-61.282330697847335
15394870000.0,-62.167913273481545
15399868333.3,-62.358513057567826
15404866666.7,-61.757994197940064
15409865000.0,-61.773120911027036
15414863333.3,-62.26386904844499
15419861666.7,-62.04415058896572
15424860000.0,-62.75215598473966
15429858333.3,-62.6230109886788
15434856666.7,-63.19467723348591
15439855000.0,-62.551798055501706
15444853333.3,-63.372184922437604
15449851666.7,-62.08077184693732
15454850000.0,-62.41491746354772
15459848333.3,-63.55354911203496
15464846666.7,-62.96197378107686
15469845000.0,-62.864910281636625
15474843333.3,-62.60844766528172
15479841666.7,-62.46874283179646
15484840000.0,-63.33288846426349
15489838333.3,-63.32804162137299
15494836666.7,-62.91941794868943
15499835000.0,-64.28952349896835
15504833333.3,-64.26295059300173
15509831666.7,-63.13652829226964
15514830000.0,-63.406513572281256
15519828333.3,-63.583830394207126
15524826666.7,-63.512363329641516
15529825000.0,-63.328700134534586
15534823333.3,-63.95144570559711
15539821666.7,-63.46057519970313
15544820000.0,-63.18427024020902
15549818333.3,-64.1404257084311
15554816666.7,-63.73859255860331
15559815000.0,-63.437437747523894
15564813333.3,-64.36270976550661
15569811666.7,-63.43394671675861
15574810000.0,-63.68085834628886
15579808333.3,-63.698253509608456
15584806666.7,-64.75468200685688
15589805000.0,-63.546557540532255
15594803333.3,-64.5015136326052
15599801666.7,-62.85088475360907
15604800000.0,-62.860795980702626
15609798333.3,-63.16432438861001
15614796666.7,-62.46240300295725
15619795000.0,-62.683021728317534
15624793333.3,-63.407223997100274
15629791666.7,-62.987502328659005
15634790000.0,-63.537190954567905
15639788333.3,-62.582267699776864
15644786666.7,-62.90266400317818
15649785000.0,-61.86934923854098
15654783333.3,-62.26092251439777
15659781666.7,-62.73518759581979
15664780000.0,-61.920565812869214
15669778333.3,-62.72910326614797
15674776666.7,-63.106549708832766
15679775000.0,-63.44876144037886
15684773333.3,-62.756689076756516
15689771666.7,-62.95014307446373
15694770000.0,-62.18706567371926
15699768333.3,-62.137381564176195
15704766666.7,-62.71381401283592
15709765000.0,-62.887565007186204
15714763333.3,-61.77599006046548
15719761666.7,-61.85338695114999
15724760000.0,-62.53443766265527
15729758333.3,-62.351618299913305
15734756666.7,-62.85225973262893
15739755000.0,-63.03079937584097
15744753333.3,-63.046973939750615
15749751666.7,-64.07379962698441
15754750000.0,-62.66154127306882
15759748333.3,-63.333382445558925
15764746666.7,-62.890472802287334
15769745000.0,-64.01833368412919
15774743333.3,-64.02494579985037
15779741666.7,-64.00236254763107
15784740000.0,-63.92461036977508
15789738333.3,-63.343817885921005
15794736666.7,-63.545226850355775
15799735000.0,-63.03905640541019
15804733333.3,-63.30310676287931
15809731666.7,-63.098502024976845
15814730000.0,-62.49708902680935
15819728333.3,-62.74700840450943
15824726666.7,-62.54644046103423
15829725000.0,-62.876782880015085
15834723333.3,-63.42475411013065
15839721666.7,-63.665432664906774
15844720000.0,-63.031558008324154
15849718333.3,-62.47047664396916
15854716666.7,-62.66537153366703
15859715000.0,-62.97166634509233
15864713333.3,-62.87922188554069
15869711666.7,-62.231006047552256
15874710000.0,-62.55912991312913
15879708333.3,-61.04432436164941
15884706666.7,-62.301758853532036
15889705000.0,-62.1504753623956
15894703333.3,-62.50987928694552
15899701666.7,-61.95485089035267
15904700000.0,-62.10807391289711
15909698333.3,-62.94874413201506
15914696666.7,-62.38984483349218
15919695000.0,-61.70336488483408
15924693333.3,-62.31384527459605
15929691666.7,-63.63895446362009
15934690000.0,-63.05701769559847
15939688333.3,-63.49264389938454
15944686666.7,-63.0314543166063
15949685000.0,-62.613278387558886
15954683333.3,-62.74222446787826
15959681666.7,-61.821696421033955
15964680000.0,-61.764744029919775
15969678333.3,-62.20986004423199
15974676666.7,-62.79379352548058
15979675000.0,-62.12605093325998
15984673333.3,-62.44908712000872
15989671666.7,-63.07451923510019
15994670000.0,-62.17837722477463
15999668333.3,-62.21798994102896
16004666666.7,-62.40010987490124
16009665000.0,-63.04885360139931
16014663333.3,-62.683160151084316
16019661666.7,-63.28491926909193
16024660000.0,-63.22959978745169
16029658333.3,-62.47327944968076
16034656666.7,-62.81744565135152
16039655000.0,-62.499580152840686
16044653333.3,-61.901208655689246
16049651666.7,-62.48421894282305
16054650000.0,-62.880385450276805
16059648333.3,-62.64085658133833
16064646666.7,-61.81470093513702
16069645000.0,-61.92757661053367
16074643333.3,-62.11677369016118
16079641666.7,-62.53746266901578
16084640000.0,-62.77166278427729
16089638333.3,-62.24987974103378
16094636666.7,-63.067581974764195
16099635000.0,-63.23869574093921
16104633333.3,-62.07364412840708
16109631666.7,-62.718752015435975
16114630000.0,-62.95241039309442
16119628333.3,-62.023491871707606
16124626666.7,-62.32643108452058
16129625000.0,-62.77975319785163
16134623333.3,-62.0213177948715
16139621666.7,-62.310695944980864
16144620000.0,-62.3794581377952
16149618333.3,-61.61219247791542
16154616666.7,-61.72751660239329
16159615000.0,-61.74317213108384
16164613333.3,-62.73179960930625
16169611666.7,-61.9685292690137
16174610000.0,-61.39084368987313
16179608333.3,-61.363032727211724
16184606666.7,-62.40721927444553
16189605000.0,-62.339902599078314
16194603333.3,-62.72831246365576
16199601666.7,-62.86842640756901
16204600000.0,-63.02858581696653
16209598333.3,-62.20150910384017
16214596666.7,-62.761670589968084
16219595000.0,-62.85096590869976
16224593333.3,-63.5783699365427
16229591666.7,-63.06164126648676
16234590000.0,-63.090695918020934
16239588333.3,-63.0751988108284
16244586666.7,-63.05633111011643
16249585000.0,-63.05499439158878
16254583333.3,-62.71780690462934
16259581666.7,-63.16173272613247
16264580000.0,-62.636535689064445
16269578333.3,-62.88694512243843
16274576666.7,-62.47346321283559
16279575000.0,-62.64499360436752
16284573333.3,-62.66489531826278
16289571666.7,-62.54858503797709
16294570000.0,-63.85494980282357
16299568333.3,-63.84164250086855
16304566666.7,-62.9083133008364
16309565000.0,-62.68705475401721
16314563333.3,-62.5518620806434
16319561666.7,-62.6542775360324
16324560000.0,-63.17850172361826
16329558333.3,-62.53465695891887
16334556666.7,-61.777165510562
16339555000.0,-61.97277900351807
16344553333.3,-62.88726594654577
16349551666.7,-62.28011325433996
16354550000.0,-62.349916859158725
16359548333.3,-62.86608882048399
16364546666.7,-62.42699549245883
16369545000.0,-62.44468060294385
16374543333.3,-63.03846400141736
16379541666.7,-62.57772988228623
16384540000.0,-61.84106080530651
16389538333.3,-62.96131936373386
16394536666.7,-62.67001251098079
16399535000.0,-62.70418842865947
16404533333.3,-61.88544679276891
16409531666.7,-62.32933959685057
16414530000.0,-61.7603021576426
16419528333.3,-61.87507352122094
16424526666.7,-63.40659645753349
16429525000.0,-62.446836246964644
16434523333.3,-61.98684707364936
16439521666.7,-62.837722355047696
16444520000.0,-62.69807448874042
16449518333.3,-62.97241857949164
16454516666.7,-62.67334427618663
16459515000.0,-62.885367131121974
16464513333.3,-62.817018559537914
16469511666.7,-62.13288155469952
16474510000.0,-62.84490838675485
16479508333.3,-61.137875693600854
16484506666.7,-61.56299061030652
16489505000.0,-62.57218417108796
16494503333.3,-62.379870683598554
16499501666.7,-61.867478271201406
16504500000.0,-62.930545645140455
16509498333.3,-62.638843682945094
16514496666.7,-62.094851379384686
16519495000.0,-62.82740999863915
16524493333.3,-61.88844691971408
16529491666.7,-62.693208908477644
16534490000.0,-63.26202817259248
16539488333.3,-62.7169402961617
16544486666.7,-63.06194976042393
16549485000.0,-62.793260550379316
16554483333.3,-62.228544963764705
16559481666.7,-63.39156142659651
16564480000.0,-62.506429497097066
16569478333.3,-63.16326288634556
16574476666.7,-62.65064325260856
16579475000.0,-62.70417270744869
16584473333.3,-62.61685706355287
16589471666.7,-62.492457236628496
16594470000.0,-63.01437926598054
16599468333.3,-62.310003269058186
16604466666.7,-62.37137411529375
16609465000.0,-62.649019812215585
16614463333.3,-62.63863776618426
16619461666.7,-62.215070793723086
16624460000.0,-62.56730592538546
16629458333.3,-62.712786245797346
16634456666.7,-63.18682798839777
16639455000.0,-62.747090603622425
16644453333.3,-62.73586856550337
16649451666.7,-62.866884732733574
16654450000.0,-62.09009707826149
16659448333.3,-63.160527337507716
16664446666.7,-63.153195690964466
16669445000.0,-62.57380788709789
16674443333.3,-62.02148701488422
16679441666.7,-62.528924719656686
16684440000.0,-62.05149467745714
16689438333.3,-62.587826832414564
16694436666.7,-62.454807565527986
16699435000.0,-61.65594680923765
16704433333.3,-63.011367292518905
16709431666.7,-61.64544046825575
16714430000.0,-62.26839963532814
16719428333.3,-62.30591791457657
16724426666.7,-62.39296620978101
16729425000.0,-61.806929095874246
16734423333.3,-62.385799931114725
16739421666.7,-62.31684026176236
16744420000.0,-62.22636927549498
16749418333.3,-62.34549755536111
16754416666.7,-61.66667834749164
16759415000.0,-61.66114154733894
16764413333.3,-61.86321256645324
16769411666.7,-62.35716999404143
16774410000.0,-62.05964308554257
16779408333.3,-61.71965113944718
16784406666.7,-61.499973884508776
16789405000.0,-61.78716293339359
16794403333.3,-62.36745505470118
16799401666.7,-62.15136416761652
16804400000.0,-62.69578029691226
16809398333.3,-62.77376076720764
16814396666.7,-61.80633022399168
16819395000.0,-62.18359918571967
16824393333.3,-61.71184768723919
16829391666.7,-61.20943631455617
16834390000.0,-61.786419463439515
16839388333.3,-61.94514571814426
16844386666.7,-61.75534662030599
16849385000.0,-61.67124584453488
16854383333.3,-61.67378665584563
16859381666.7,-61.76959404957635
16864380000.0,-63.185560352584545
16869378333.3,-62.94958145877287
16874376666.7,-62.7585778264132
16879375000.0,-61.406520840515945
16884373333.3,-61.53198219192252
16889371666.7,-62.048599397427836
16894370000.0,-62.50085365562227
16899368333.3,-61.66087828784197
16904366666.7,-62.00492470650034
16909365000.0,-62.13801913425192
16914363333.3,-61.31938350507517
16919361666.7,-61.760937477300395
16924360000.0,-61.97866964513675
16929358333.3,-61.350902683821246
16934356666.7,-61.80853961655523
16939355000.0,-61.60771868213835
16944353333.3,-61.88220553582667
16949351666.7,-61.54778184020471
16954350000.0,-61.57035662159663
16959348333.3,-62.16495929436156
16964346666.7,-61.6917048852796
16969345000.0,-61.293803654998925
16974343333.3,-60.82715666972024
16979341666.7,-61.229539339042375
16984340000.0,-61.220856338874896
16989338333.3,-61.100290945947506
16994336666.7,-61.05182061612852
16999335000.0,-61.39700409060723
17004333333.3,-61.20446666610932
17009331666.7,-61.29506306254644
17014330000.0,-61.27755857568627
17019328333.3,-61.059438838330166
17024326666.7,-60.32120363042928
17029325000.0,-60.46746719370826
17034323333.3,-61.30043796883374
17039321666.7,-61.46486492434728
17044320000.0,-60.5956740362211
17049318333.3,-61.036535731792284
17054316666.7,-61.026250266994495
17059315000.0,-60.45100856657713
17064313333.3,-60.63463042072775
17069311666.7,-61.057790620493776
17074310000.0,-61.798619814033586
17079308333.3,-60.637709867705524
17084306666.7,-61.29844579171867
17089305000.0,-60.508511555865695
17094303333.3,-61.09153218816583
17099301666.7,-60.823882250994274
17104300000.0,-61.30310358813357
17109298333.3,-60.730468065221245
17114296666.7,-61.18872621546009
17119295000.0,-61.40247192461358
17124293333.3,-61.15245655089639
17129291666.7,-61.172972633557876
17134290000.0,-61.54228107439087
17139288333.3,-62.203990759992294
17144286666.7,-61.85993382315631
17149285000.0,-61.826537076128496
17154283333.3,-62.20485572358329
17159281666.7,-61.64003558772441
17164280000.0,-62.52406500945531
17169278333.3,-62.8190319311671
17174276666.7,-61.89074361978392
17179275000.0,-62.07260475768987
17184273333.3,-61.5636002691849
17189271666.7,-61.793169001757434
17194270000.0,-61.26736639961678
17199268333.3,-61.29277873597883
17204266666.7,-61.27570174598223
17209265000.0,-61.70731351103414
17214263333.3,-61.666960082560024
17219261666.7,-61.27507348632737
17224260000.0,-61.83999534293986
17229258333.3,-61.56783460817998
17234256666.7,-61.711640474482536
17239255000.0,-62.051444961750086
17244253333.3,-62.31766200923837
17249251666.7,-61.57222726764009
17254250000.0,-61.87841412301304
17259248333.3,-61.869115581393565
17264246666.7,-61.45784155173962
17269245000.0,-61.9538238785657
17274243333.3,-61.406652547896584
17279241666.7,-60.9617182442555
17284240000.0,-61.99778626338847
17289238333.3,-60.582745590328074
17294236666.7,-61.897554774246345
17299235000.0,-61.13910628992006
17304233333.3,-61.49203015154606
17309231666.7,-61.66902081849975
17314230000.0,-61.71116809932905
17319228333.3,-60.84909652069732
17324226666.7,-60.43156447243064
17329225000.0,-61.124190736249126
17334223333.3,-61.13932862381334
17339221666.7,-61.51283407608333
17344220000.0,-61.12878768919742
17349218333.3,-60.516755044832195
17354216666.7,-61.112306297994074
17359215000.0,-60.81095272973643
17364213333.3,-60.66016167880428
17369211666.7,-61.363750901697784
17374210000.0,-60.59292124236828
17379208333.3,-61.204454543635826
17384206666.7,-61.56104328874653
17389205000.0,-60.92693289027757
17394203333.3,-61.360266516823685
17399201666.7,-61.47008594689037
17404200000.0,-62.12217019249529
17409198333.3,-61.847773462149036
17414196666.7,-61.64205282995447
17419195000.0,-61.98160820866054
17424193333.3,-61.64964740842387
17429191666.7,-62.06464644547336
17434190000.0,-61.8680121113312
17439188333.3,-61.58005183659554
17444186666.7,-62.628429602231165
17449185000.0,-60.834687054077236
17454183333.3,-61.81957240134434
17459181666.7,-61.78645580126918
17464180000.0,-61.774278936787766
17469178333.3,-61.21061412529666
17474176666.7,-61.90330223506824
17479175000.0,-61.50682121907216
17484173333.3,-61.34400042206509
17489171666.7,-61.89526068592505
17494170000.0,-61.31064729858047
17499168333.3,-61.978093037091696
17504166666.7,-61.608927775866604
17509165000.0,-61.64807134186865
17514163333.3,-61.20561213780276
17519161666.7,-60.98949668767546
17524160000.0,-60.972082732667836
17529158333.3,-60.57054152051735
17534156666.7,-61.49920414530489
17539155000.0,-61.4143185090156
17544153333.3,-61.187529986602634
17549151666.7,-60.16973935916765
17554150000.0,-61.672054137750564
17559148333.3,-60.74135586860214
17564146666.7,-61.44820641229398
17569145000.0,-61.34824784005029
17574143333.3,-60.38972423237456
17579141666.7,-60.98000520876649
17584140000.0,-61.81253515251833
17589138333.3,-61.69435417802358
17594136666.7,-61.57367116700422
17599135000.0,-61.67794087079591
17604133333.3,-61.58851194289924
17609131666.7,-61.964433745551524
17614130000.0,-61.17426496203008
17619128333.3,-60.71621337941626
17624126666.7,-61.36049924076771
17629125000.0,-61.78360653349229
17634123333.3,-62.01640156969426
17639121666.7,-61.52466598801435
17644120000.0,-61.022224751667835
17649118333.3,-61.72290002677667
17654116666.7,-61.322821838349384
17659115000.0,-61.20795737564351
17664113333.3,-60.81124552310767
17669111666.7,-61.04550810313008
17674110000.0,-61.22757244554626
17679108333.3,-61.18645714522973
17684106666.7,-61.35687734738979
17689105000.0,-60.866171264673085
17694103333.3,-60.73402035241763
17699101666.7,-61.81115074387903
17704100000.0,-60.95616535521077
17709098333.3,-60.81463044788835
17714096666.7,-60.944054285789875
17719095000.0,-61.21649721751623
17724093333.3,-60.97146613926601
17729091666.7,-60.83196324581501
17734090000.0,-61.09296583412342
17739088333.3,-61.19522324571396
17744086666.7,-60.60303050949713
17749085000.0,-61.02428753893654
17754083333.3,-60.5843872776678
17759081666.7,-60.78797693103936
17764080000.0,-61.31479347227928
17769078333.3,-60.24074846448695
17774076666.7,-60.88150970907777
17779075000.0,-61.01604927681859
17784073333.3,-60.73260003155354
17789071666.7,-60.7574002854787
17794070000.0,-60.815445044790444
17799068333.3,-60.64748788002688
17804066666.7,-60.513995408158806
17809065000.0,-59.95400520146425
17814063333.3,-60.539902355819365
17819061666.7,-60.716346345605814
17824060000.0,-59.807214748992116
17829058333.3,-60.50844160945778
17834056666.7,-60.51887639679772
17839055000.0,-60.87345038338342
17844053333.3,-60.50542806676305
17849051666.7,-60.82315180103023
17854050000.0,-60.597634908748276
17859048333.3,-60.117334456750775
17864046666.7,-60.8781054564627
17869045000.0,-60.25923694066876
17874043333.3,-61.07162179654711
17879041666.7,-61.33609713459406
17884040000.0,-61.121181586575524
17889038333.3,-61.454067695204145
17894036666.7,-60.89264385587131
17899035000.0,-61.12181315008635
17904033333.3,-61.38449837802347
17909031666.7,-61.99886051808812
17914030000.0,-60.88415938723244
17919028333.3,-61.416585518979254
17924026666.7,-61.0648305404646
17929025000.0,-60.990317099257624
17934023333.3,-61.155168194895595
17939021666.7,-61.20015372365749
17944020000.0,-60.944076204701176
17949018333.3,-60.85814200794744
17954016666.7,-60.78099768974492
17959015000.0,-61.13316377127087
17964013333.3,-60.98576061795457
17969011666.7,-61.774988730849216
17974010000.0,-60.79428819344131
17979008333.3,-60.93373769863775
17984006666.7,-61.14400070111385
17989005000.0,-60.61569881266141
17994003333.3,-60.49318412485296
17999001666.7,-60.54517668239455
18004000000.0,-60.29447836031239
18008998333.3,-61.01186746005315
18013996666.7,-60.81720041510074
18018995000.0,-60.750756970357216
18023993333.3,-61.0402438394385
18028991666.7,-60.53983206979255
18033990000.0,-59.88859888189527
18038988333.3,-59.900563775699176
18043986666.7,-59.992729503548496
18048985000.0,-60.987173870727894
18053983333.3,-59.94430011639192
18058981666.7,-60.12977312383599
18063980000.0,-60.03552338194898
18068978333.3,-60.37718993003338
18073976666.7,-60.6799956886579
18078975000.0,-60.256549056031034
18083973333.3,-60.392522928738124
18088971666.7,-60.596496277411205
18093970000.0,-60.432413265422305
18098968333.3,-61.04323711993335
18103966666.7,-61.01319258125909
18108965000.0,-60.70558446060307
18113963333.3,-61.291206432205705
18118961666.7,-61.59620389247812
18123960000.0,-61.57665083158974
18128958333.3,-61.32768061132661
18133956666.7,-60.811370578830115
18138955000.0,-61.157137575992664
18143953333.3,-61.12956954212184
18148951666.7,-60.891308442927
18153950000.0,-61.77433447909606
18158948333.3,-60.960230354766594
18163946666.7,-60.68500751419151
18168945000.0,-61.416033809669095
18173943333.3,-61.41856874217904
18178941666.7,-60.73080908296963
18183940000.0,-61.11165968699762
18188938333.3,-60.9149947968832
18193936666.7,-61.631301513954725
18198935000.0,-61.376278165257276
18203933333.3,-60.90863832672407
18208931666.7,-61.30212404851508
18213930000.0,-60.93069865401897
18218928333.3,-60.088219545690755
18223926666.7,-61.23421994870735
18228925000.0,-61.18680318722252
18233923333.3,-61.32153720144367
18238921666.7,-61.69590565548964
18243920000.0,-61.1862821034702
18248918333.3,-61.1522570580238
18253916666.7,-60.91580704626665
18258915000.0,-60.94484360049947
18263913333.3,-61.45907742319085
18268911666.7,-61.63265558324235
18273910000.0,-61.281458470674714
18278908333.3,-61.061783093898825
18283906666.7,-60.84402518684448
18288905000.0,-61.033133150468174
18293903333.3,-61.04411753956538
18298901666.7,-61.03020957819766
18303900000.0,-61.34546962727741
18308898333.3,-61.17294730895621
18313896666.7,-61.948165785911016
18318895000.0,-60.757001536284186
18323893333.3,-61.49317657073742
18328891666.7,-61.022671736242046
18333890000.0,-61.28258507820321
18338888333.3,-61.40562402919889
18343886666.7,-61.5802296472322
18348885000.0,-61.42606311083702
18353883333.3,-60.81958386789593
18358881666.7,-61.215591190264206
18363880000.0,-61.238620014809484
18368878333.3,-60.93105562431412
18373876666.7,-61.209229007665286
18378875000.0,-60.83983822224685
18383873333.3,-60.99534745413371
18388871666.7,-60.41834569191699
18393870000.0,-60.91897995478347
18398868333.3,-61.18791714412968
18403866666.7,-60.93688967316456
18408865000.0,-60.136801409952916
18413863333.3,-60.55174325674074
18418861666.7,-60.90060877367808
18423860000.0,-59.86655305563164
18428858333.3,-60.314722627709266
18433856666.7,-59.661179836734505
18438855000.0,-59.97467929068598
18443853333.3,-60.33180712138824
18448851666.7,-60.5414005932781
18453850000.0,-60.36800067266856
18458848333.3,-60.157218350164484
18463846666.7,-60.57159206154754
18468845000.0,-60.58668303379161
18473843333.3,-59.87569953014852
18478841666.7,-60.68640918460978
18483840000.0,-60.4251834111835
18488838333.3,-60.303472278701776
18493836666.7,-60.140501215880136
18498835000.0,-60.454581548953925
18503833333.3,-60.748341174846
18508831666.7,-60.61683232833091
18513830000.0,-60.89755389349061
18518828333.3,-60.75512452831148
18523826666.7,-60.87996514157365
18528825000.0,-61.20909934649689
18533823333.3,-61.817650974919765
18538821666.7,-60.535476165349294
18543820000.0,-61.597244462313874
18548818333.3,-60.40495179080604
18553816666.7,-60.9004887864624
18558815000.0,-60.77153494617028
18563813333.3,-60.18522635653294
18568811666.7,-60.785959307491126
18573810000.0,-60.58620693624039
18578808333.3,-60.62817739009703
18583806666.7,-60.92379445168674
18588805000.0,-61.12012614120783
18593803333.3,-60.16906369618374
18598801666.7,-61.68941837156946
18603800000.0,-60.63097690594298
18608798333.3,-61.03996997541432
18613796666.7,-60.964254271117525
18618795000.0,-60.89286612948591
18623793333.3,-60.86021450118341
18628791666.7,-60.372304366531026
18633790000.0,-60.71500038823076
18638788333.3,-60.238956938259456
18643786666.7,-60.24300263546303
18648785000.0,-60.75607088907682
18653783333.3,-59.737588852179584
18658781666.7,-60.54957270562792
18663780000.0,-60.02470829988857
18668778333.3,-59.97850929793367
18673776666.7,-60.3676745608056
18678775000.0,-60.11455952284571
18683773333.3,-60.42886419551944
18688771666.7,-59.91523208648431
18693770000.0,-60.355175622245014
18698768333.3,-59.33243593029597
18703766666.7,-60.46589013088087
18708765000.0,-60.76441282703599
18713763333.3,-60.49097121373015
18718761666.7,-60.13316404585456
18723760000.0,-60.025053145364694
18728758333.3,-59.87103609991599
18733756666.7,-60.082359242002056
18738755000.0,-59.446414898830646
18743753333.3,-60.17236563091886
18748751666.7,-60.24072571054318
18753750000.0,-59.75974787327185
18758748333.3,-59.6226010858436
18763746666.7,-60.24576109381581
18768745000.0,-60.12579864972993
18773743333.3,-59.49770450484286
18778741666.7,-59.87217146786981
18783740000.0,-59.56624607489296
18788738333.3,-59.82254284711212
18793736666.7,-60.52862560750849
18798735000.0,-60.3645265541988
18803733333.3,-60.88623477512342
18808731666.7,-60.36824448239939
18813730000.0,-61.00866235225492
18818728333.3,-60.64994883960041
18823726666.7,-61.03460073480909
18828725000.0,-60.927541084656696
18833723333.3,-61.21160472035832
18838721666.7,-61.83995015287187
18843720000.0,-61.42117483600639
18848718333.3,-61.583401935994374
18853716666.7,-61.0957068668543
18858715000.0,-61.010547056629946
18863713333.3,-61.07073951730325
18868711666.7,-61.28195653305688
18873710000.0,-60.69437345724265
18878708333.3,-61.05154757141853
18883706666.7,-60.798542810640434
18888705000.0,-60.5643440977519
18893703333.3,-60.01106378729752
18898701666.7,-61.29063407812509
18903700000.0,-60.45558140936399
18908698333.3,-60.42172756880932
18913696666.7,-59.78070278994981
18918695000.0,-60.59299072502306
18923693333.3,-60.036576804935926
18928691666.7,-60.9632809024555
18933690000.0,-60.66509077087456
18938688333.3,-60.150910605788155
18943686666.7,-60.373116012591254
18948685000.0,-60.356216817506535
18953683333.3,-60.22219506022071
18958681666.7,-59.829729941480025
18963680000.0,-60.27501985352205
18968678333.3,-60.041690032826736
18973676666.7,-61.2460772164513
18978675000.0,-60.022017583021
18983673333.3,-60.953036241633555
18988671666.7,-60.60592593491279
18993670000.0,-61.15922852509242
18998668333.3,-61.11005728292916
19003666666.7,-61.08363547763382
19008665000.0,-61.18443161283502
19013663333.3,-61.994341314207986
19018661666.7,-60.624764826720366
19023660000.0,-61.59421815228142
19028658333.3,-61.261246627670204
19033656666.7,-60.83573002167447
19038655000.0,-60.80605762576609
19043653333.3,-60.26066419960326
19048651666.7,-61.17385063507233
19053650000.0,-61.000916377436134
19058648333.3,-60.25692819993685
19063646666.7,-60.54350375415769
19068645000.0,-60.43198971023121
19073643333.3,-60.28578231141087
19078641666.7,-61.25043920442547
19083640000.0,-60.536843989064415
19088638333.3,-60.64302240704759
19093636666.7,-60.31097022575005
19098635000.0,-60.733231744552256
19103633333.3,-60.59048534694449
19108631666.7,-60.91015589098926
19113630000.0,-60.8999552776267
19118628333.3,-59.81057180908174
19123626666.7,-59.58756662825925
19128625000.0,-60.36774526533012
19133623333.3,-60.129515422665364
19138621666.7,-59.669427060324914
19143620000.0,-60.014527948747556
19148618333.3,-60.189038677339546
19153616666.7,-59.79855654684794
19158615000.0,-60.44766622014818
19163613333.3,-60.57969558285702
19168611666.7,-60.61503423277784
19173610000.0,-60.71578877597912
19178608333.3,-60.155092781200395
19183606666.7,-59.70335517730202
19188605000.0,-60.32184385903485
19193603333.3,-60.73286514078645
19198601666.7,-59.61569803710425
19203600000.0,-59.58972329430939
19208598333.3,-60.4635758239522
19213596666.7,-60.697335859105124
19218595000.0,-60.14867901795519
19223593333.3,-59.43320944748873
19228591666.7,-60.70241528922616
19233590000.0,-59.84690915518796
19238588333.3,-60.105661288037865
19243586666.7,-60.254791303069396
19248585000.0,-60.52932404284832
19253583333.3,-60.11796537625847
19258581666.7,-60.94563683338045
19263580000.0,-60.86914266214499
19268578333.3,-60.2887914395647
19273576666.7,-60.76909997684127
19278575000.0,-61.781854302384325
19283573333.3,-60.588932912251934
19288571666.7,-60.656553190560885
19293570000.0,-60.66444473288074
19298568333.3,-60.604100143036
19303566666.7,-60.44121348721659
19308565000.0,-60.63003905968577
19313563333.3,-60.33033598340996
19318561666.7,-61.162920131209674
19323560000.0,-60.909927275238005
19328558333.3,-60.78191262096319
19333556666.7,-60.39983429176367
19338555000.0,-60.89965093114503
19343553333.3,-60.61379677678421
19348551666.7,-60.708272334021004
19353550000.0,-60.76649045832521
19358548333.3,-60.852238096227744
19363546666.7,-60.60118023856825
19368545000.0,-60.278746285326605
19373543333.3,-59.819844845541894
19378541666.7,-60.07633564026406
19383540000.0,-59.62149420580548
19388538333.3,-59.2811258909824
19393536666.7,-59.87679888133766
19398535000.0,-59.11234903880164
19403533333.3,-59.63247879685856
19408531666.7,-59.0380099211528
19413530000.0,-59.72658975000756
19418528333.3,-59.42478620914934
19423526666.7,-58.92049913444394
19428525000.0,-59.17534254417471
19433523333.3,-59.2798622937564
19438521666.7,-58.948217432452964
19443520000.0,-58.76178428713946
19448518333.3,-59.336484698707814
19453516666.7,-59.32769980714217
19458515000.0,-58.68163776918521
19463513333.3,-58.455921811069295
19468511666.7,-58.9116694654506
19473510000.0,-59.03580866722266
19478508333.3,-58.41506712643962
19483506666.7,-58.807215971512775
19488505000.0,-59.21375123172101
19493503333.3,-57.789026318391834
19498501666.7,-58.9785710600847
19503500000.0,-58.468473995539924
19508498333.3,-59.01629396408849
19513496666.7,-58.17641589569742
19518495000.0,-58.795474869739984
19523493333.3,-59.67278837045405
19528491666.7,-59.75788857219908
19533490000.0,-59.442450295514945
19538488333.3,-59.7762977446942
19543486666.7,-59.70783933126086
19548485000.0,-59.78232853406985
19553483333.3,-60.481575462633046
19558481666.7,-59.95512618463668
19563480000.0,-59.91272508817416
19568478333.3,-59.62252491813931
19573476666.7,-59.99900404185211
19578475000.0,-59.714749955596446
19583473333.3,-59.770825604473046
19588471666.7,-60.121341488135585
19593470000.0,-60.506661340453604
19598468333.3,-60.53584186390215
19603466666.7,-60.01788625016698
19608465000.0,-59.52432289941051
19613463333.3,-60.172756717388
19618461666.7,-60.071284818190456
19623460000.0,-59.961722723043636
19628458333.3,-59.88099654105522
19633456666.7,-59.71121303673329
19638455000.0,-59.21716015341464
19643453333.3,-59.087177653876694
19648451666.7,-59.390368095990844
19653450000.0,-59.4090539134652
19658448333.3,-59.8307869295682
19663446666.7,-59.65660188143701
19668445000.0,-59.72874700765483
19673443333.3,-59.47431885980674
19678441666.7,-59.619146772437695
19683440000.0,-58.83168551759866
19688438333.3,-60.226860539387204
19693436666.7,-59.63537235440917
19698435000.0,-59.54272084675261
19703433333.3,-59.65755259420141
19708431666.7,-59.823759745129585
19713430000.0,-60.11549660040107
19718428333.3,-59.487277846654976
19723426666.7,-59.6679312182861
19728425000.0,-59.473979141614294
19733423333.3,-59.14225776753467
19738421666.7,-59.46224191616663
19743420000.0,-59.25451147677262
19748418333.3,-59.65525518189092
19753416666.7,-59.147271222591236
19758415000.0,-59.50734524704944
19763413333.3,-59.526829248140885
19768411666.7,-59.682334561321504
19773410000.0,-59.674535319903214
19778408333.3,-59.65259202772898
19783406666.7,-60.08441514049289
19788405000.0,-59.45418877072739
19793403333.3,-60.04152557829271
19798401666.7,-59.46001402837216
19803400000.0,-59.69746538416695
19808398333.3,-59.81604380986204
19813396666.7,-60.18980814223443
19818395000.0,-58.69262389847656
19823393333.3,-58.96382512682447
19828391666.7,-59.53326652976291
19833390000.0,-59.59882954787565
19838388333.3,-59.77088165612158
19843386666.7,-59.81193310631057
19848385000.0,-60.10909657574264
19853383333.3,-59.89824764271062
19858381666.7,-60.57694633007699
19863380000.0,-61.162746336799394
19868378333.3,-60.640866673900305
19873376666.7,-60.14912097472219
19878375000.0,-61.1010826460935
19883373333.3,-60.31121190500167
19888371666.7,-60.450845939663594
19893370000.0,-62.031146034473565
19898368333.3,-60.454195962457206
19903366666.7,-60.10230917855008
19908365000.0,-60.21790705444387
19913363333.3,-60.49999603060185
19918361666.7,-59.82857274883281
19923360000.0,-59.945908494183186
19928358333.3,-59.46309491305847
19933356666.7,-60.1526532469817
19938355000.0,-60.6006138446859
19943353333.3,-60.19927815543261
19948351666.7,-60.1342356858757
19953350000.0,-60.04342009031919
19958348333.3,-60.14760520449089
19963346666.7,-60.485735446343654
19968345000.0,-60.50226643450237
19973343333.3,-60.49739500268069
19978341666.7,-60.6265667434645
19983340000.0,-60.186767107565316
19988338333.3,-60.6045406553548
19993336666.7,-60.84108524244667
19998335000.0,-61.16086207530686
20003333333.3,-60.05136640303938
20008331666.7,-59.93359538176583
20013330000.0,-60.821106242607684
20018328333.3,-60.582560928489634
20023326666.7,-60.03189225960889
20028325000.0,-60.92379112896637
20033323333.3,-60.60939788569183
20038321666.7,-60.60891472830085
20043320000.0,-60.81792116612924
20048318333.3,-60.91740898077379
20053316666.7,-60.8051434496383
20058315000.0,-60.80926983547755
20063313333.3,-60.94781442058049
20068311666.7,-60.70859437441822
20073310000.0,-60.27809543975239
20078308333.3,-60.10636832483381
20083306666.7,-60.11383246941659
20088305000.0,-59.86070890730026
20093303333.3,-60.202346943123715
20098301666.7,-59.90594155738279
20103300000.0,-60.40686917563255
20108298333.3,-60.09243716741778
20113296666.7,-59.96235955369361
20118295000.0,-59.88888289519402
20123293333.3,-59.76833040157235
20128291666.7,-60.4600949430008
20133290000.0,-60.429072117368065
20138288333.3,-60.12932039104904
20143286666.7,-60.866196811902114
20148285000.0,-60.465977730619855
20153283333.3,-60.26982014884155
20158281666.7,-60.585597175495025
20163280000.0,-60.346412935269235
20168278333.3,-59.81541178969293
20173276666.7,-60.75482289683854
20178275000.0,-60.67267804890001
20183273333.3,-60.608022302076066
20188271666.7,-60.898741673840924
20193270000.0,-61.255065299798616
20198268333.3,-61.15148370338605
20203266666.7,-61.045574719370855
20208265000.0,-61.331496651886
20213263333.3,-60.9173303081328
20218261666.7,-60.981186996241405
20223260000.0,-60.60619712633809
20228258333.3,-60.660643412649804
20233256666.7,-61.23943506266214
20238255000.0,-60.68871953464217
20243253333.3,-60.909941943326764
20248251666.7,-60.142151764428974
20253250000.0,-60.61317388161676
20258248333.3,-60.62875624981288
20263246666.7,-60.73223402735255
20268245000.0,-60.203989374352496
20273243333.3,-60.085517941176356
20278241666.7,-60.17001847010836
20283240000.0,-60.18551817884771
20288238333.3,-60.703916673601064
20293236666.7,-60.59147084210342
20298235000.0,-60.46182592133497
20303233333.3,-59.94527200857843
20308231666.7,-60.54001771147567
20313230000.0,-60.35537555456365
20318228333.3,-60.49423531113448
20323226666.7,-60.113715801166315
20328225000.0,-59.838955609483136
20333223333.3,-59.910677800893154
20338221666.7,-59.950318268349314
20343220000.0,-60.401415129543416
20348218333.3,-59.6336258445895
20353216666.7,-59.97018017424354
20358215000.0,-60.49242637213823
20363213333.3,-59.80269664371092
20368211666.7,-59.56171130427742
20373210000.0,-59.72956398799813
20378208333.3,-60.408176545213905
20383206666.7,-60.31797492862778
20388205000.0,-60.00669981252421
20393203333.3,-60.999804602849
20398201666.7,-61.09574580299986
20403200000.0,-59.79285634459123
20408198333.3,-61.246871859089524
20413196666.7,-60.437511087011416
20418195000.0,-60.63503583110717
20423193333.3,-60.138359443488866
20428191666.7,-59.86614388817295
20433190000.0,-60.584371195345874
20438188333.3,-60.918206475129864
20443186666.7,-60.05411061206992
20448185000.0,-61.058326710437704
20453183333.3,-61.62252133961961
20458181666.7,-60.875021716278525
20463180000.0,-61.24965507853797
20468178333.3,-61.4522544274393
20473176666.7,-61.33333762590114
20478175000.0,-60.644503051705605
20483173333.3,-60.746192016007456
20488171666.7,-60.66767214475692
20493170000.0,-60.6059335993891
20498168333.3,-61.33067817672233
20503166666.7,-60.60828638519239
20508165000.0,-61.10258043613684
20513163333.3,-60.55510313360788
20518161666.7,-60.27547126234872
20523160000.0,-60.39656044613448
20528158333.3,-60.057744669315774
20533156666.7,-59.78071302881961
20538155000.0,-60.071213763249645
20543153333.3,-59.973913187406154
20548151666.7,-60.37965501033778
20553150000.0,-60.21629346185798
20558148333.3,-61.19681856415126
20563146666.7,-60.389455895585314
20568145000.0,-60.28983361731048
20573143333.3,-60.31254784433678
20578141666.7,-60.216334743301346
20583140000.0,-61.12484358572694
20588138333.3,-60.24007128675216
20593136666.7,-60.11299862882757
20598135000.0,-60.07942455681391
20603133333.3,-60.04815036184497
20608131666.7,-60.4357384134716
20613130000.0,-60.52814296025335
20618128333.3,-60.841318270600055
20623126666.7,-60.45004583156887
20628125000.0,-60.78328026753127
20633123333.3,-60.821262389314235
20638121666.7,-60.675533680259505
20643120000.0,-61.10198021378048
20648118333.3,-61.29737236489922
20653116666.7,-61.55563337741909
20658115000.0,-61.07238015391797
20663113333.3,-60.95611663666836
20668111666.7,-60.98314884549258
20673110000.0,-61.53907810847775
20678108333.3,-61.181944282954404
20683106666.7,-61.30284903750096
20688105000.0,-61.18500295928108
20693103333.3,-60.478739362764856
20698101666.7,-61.55858226200051
20703100000.0,-60.89602804564823
20708098333.3,-61.18354181707319
20713096666.7,-60.91768668269271
20718095000.0,-61.49897517620851
20723093333.3,-61.63526776005287
20728091666.7,-61.396121617342914
20733090000.0,-62.25669967012155
20738088333.3,-61.38420810909568
20743086666.7,-61.373139674965984
20748085000.0,-61.27355359006293
20753083333.3,-60.88187627597112
20758081666.7,-60.95336854507336
20763080000.0,-60.818866336812064
20768078333.3,-60.98913612628139
20773076666.7,-60.89920689288312
20778075000.0,-60.7516614605339
20783073333.3,-60.968237345496505
20788071666.7,-60.88001259931154
20793070000.0,-61.511565925817216
20798068333.3,-61.19447642991975
20803066666.7,-61.04496565214174
20808065000.0,-60.54264148840008
20813063333.3,-61.31587721138918
20818061666.7,-60.81203658546812
20823060000.0,-60.656893638358625
20828058333.3,-60.95817378590325
20833056666.7,-60.90209703837747
20838055000.0,-60.55866997480354
20843053333.3,-60.88996861097536
20848051666.7,-60.791437091067635
20853050000.0,-60.55555906294752
20858048333.3,-60.70376777199297
20863046666.7,-60.5344646186962
20868045000.0,-60.127126093204666
20873043333.3,-60.43349388421898
20878041666.7,-60.95850273973069
20883040000.0,-60.607526715070065
20888038333.3,-60.75381774876597
20893036666.7,-61.123039100254914
20898035000.0,-60.99347438808648
20903033333.3,-61.79811285339538
20908031666.7,-61.33587282601374
20913030000.0,-62.09820764359244
20918028333.3,-61.830221011006444
20923026666.7,-62.418221052530676
20928025000.0,-61.822962044283344
20933023333.3,-61.902657857945265
20938021666.7,-61.90415855989512
20943020000.0,-62.13676304386074
20948018333.3,-61.72116887007724
20953016666.7,-62.123105118320424
20958015000.0,-62.048679881739176
20963013333.3,-61.64560982571065
20968011666.7,-62.66251137490879
20973010000.0,-62.045935882385514
20978008333.3,-62.40704000903993
20983006666.7,-61.84351733262752
20988005000.0,-62.385662810901444
20993003333.3,-61.66257256070017
20998001666.7,-62.01513411824834
21003000000.0,-62.1871658134171
21007998333.3,-62.778733410122754
21012996666.7,-61.40192796322597
21017995000.0,-61.51261107176954
21022993333.3,-61.697379778446965
21027991666.7,-61.66419941560375
21032990000.0,-61.13650246689524
21037988333.3,-60.90047877281399
21042986666.7,-60.66558247410485
21047985000.0,-60.64758453403012
21052983333.3,-60.4169734378112
21057981666.7,-60.45339853923262
21062980000.0,-60.641225804084506
21067978333.3,-60.57517638874956
21072976666.7,-60.48608073583778
21077975000.0,-60.84621603586574
21082973333.3,-60.27598235215854
21087971666.7,-60.56055918189636
21092970000.0,-60.707548840612716
21097968333.3,-60.48336464271502
21102966666.7,-60.406623697900876
21107965000.0,-60.95686595261337
21112963333.3,-60.17023610849133
21117961666.7,-59.73049206034089
21122960000.0,-60.145474948427236
21127958333.3,-60.521896375381246
21132956666.7,-60.45824184467178
21137955000.0,-60.7058241752036
21142953333.3,-60.821998995273205
21147951666.7,-60.58984725500395
21152950000.0,-61.0133192047593
21157948333.3,-61.09736915246236
21162946666.7,-61.8175391302315
21167945000.0,-61.01626149434415
21172943333.3,-61.34363602989595
21177941666.7,-61.8276689421802
21182940000.0,-61.602969145695205
21187938333.3,-61.37656161872147
21192936666.7,-61.24289354372672
21197935000.0,-61.485103794398306
21202933333.3,-61.33521040381308
21207931666.7,-61.37519252852699
21212930000.0,-62.21578124775287
21217928333.3,-61.28783650711243
21222926666.7,-62.191268193688494
21227925000.0,-61.06272676110847
21232923333.3,-62.08793451371974
21237921666.7,-61.873125330015526
21242920000.0,-61.92652199655045
21247918333.3,-61.943271777570956
21252916666.7,-61.257128415268724
21257915000.0,-61.52940641340425
21262913333.3,-61.59285217649096
21267911666.7,-61.05317958474201
21272910000.0,-61.72415695065904
21277908333.3,-61.62770817136681
21282906666.7,-61.13596594666423
21287905000.0,-60.533465908079584
21292903333.3,-60.72676241749325
21297901666.7,-60.96991539800734
21302900000.0,-60.43503522692635
21307898333.3,-60.40025353245983
21312896666.7,-60.227315549442615
21317895000.0,-60.4669305121421
21322893333.3,-60.96161700686661
21327891666.7,-60.87891046434962
21332890000.0,-60.611961911750676
21337888333.3,-60.40485879517735
21342886666.7,-60.546429978286405
21347885000.0,-60.358536860655036
21352883333.3,-60.278533275655406
21357881666.7,-60.1157936822147
21362880000.0,-60.23439686207943
21367878333.3,-60.13303850301338
21372876666.7,-60.595976756557874
21377875000.0,-59.667183489231796
21382873333.3,-59.862030905255175
21387871666.7,-59.812851237165255
21392870000.0,-60.78219710027127
21397868333.3,-59.87353584844347
21402866666.7,-60.193816677258866
21407865000.0,-59.64519329932549
21412863333.3,-60.781738283973795
21417861666.7,-59.712265663275794
21422860000.0,-60.276032054229496
21427858333.3,-60.18986754300478
21432856666.7,-60.34243261474033
21437855000.0,-60.405991005403266
21442853333.3,-60.58450086222394
21447851666.7,-59.61495746936433
21452850000.0,-60.2267330291849
21457848333.3,-59.99062348251795
21462846666.7,-59.58434239067563
21467845000.0,-60.10268293438544
21472843333.3,-60.073583974965025
21477841666.7,-59.99468542517003
21482840000.0,-60.12975876929343
21487838333.3,-60.002992478502776
21492836666.7,-60.23402995618991
21497835000.0,-59.85001946900266
21502833333.3,-60.51284297790584
21507831666.7,-60.15500855684513
21512830000.0,-60.317938006773275
21517828333.3,-60.684805548764764
21522826666.7,-60.97427553572998
21527825000.0,-60.70245467940008
21532823333.3,-60.77203681551558
21537821666.7,-60.652902666488835
21542820000.0,-60.53983204110559
21547818333.3,-60.34306158839179
21552816666.7,-60.08898239771849
21557815000.0,-60.04476086110637
21562813333.3,-59.91576891331083
21567811666.7,-59.587617729225634
21572810000.0,-59.76685595054369
21577808333.3,-59.82225503594815
21582806666.7,-59.87657598729384
21587805000.0,-60.40315155544477
21592803333.3,-60.275101453847874
21597801666.7,-60.042949819644996
21602800000.0,-59.80491792380518
21607798333.3,-59.884470025151984
21612796666.7,-60.39312584677706
21617795000.0,-60.611746401483906
21622793333.3,-60.1861560203195
21627791666.7,-60.28710989261596
21632790000.0,-60.43854985185311
21637788333.3,-60.185721472291426
21642786666.7,-59.88902511355393
21647785000.0,-60.40006872969151
21652783333.3,-60.58629755957512
21657781666.7,-60.53619553395382
21662780000.0,-60.650588368397734
21667778333.3,-60.77830939766255
21672776666.7,-61.08875293638774
21677775000.0,-61.4291184122725
21682773333.3,-60.58877758986593
21687771666.7,-60.278259729754325
21692770000.0,-61.383892293855155
21697768333.3,-60.91829939629508
21702766666.7,-60.76962338674039
21707765000.0,-60.463240819450846
21712763333.3,-60.79385412967257
21717761666.7,-60.11823790242386
21722760000.0,-59.848919586033844
21727758333.3,-59.573942711424465
21732756666.7,-59.718945808161465
21737755000.0,-59.93827199412551
21742753333.3,-60.010129635457645
21747751666.7,-59.92000505235402
21752750000.0,-60.31582419766268
21757748333.3,-59.88074852513506
21762746666.7,-60.07606890738927
21767745000.0,-60.21679262148615
21772743333.3,-59.95058491598573
21777741666.7,-60.279802590440255
21782740000.0,-60.67620695493972
21787738333.3,-60.12718785162238
21792736666.7,-59.72449462880509
21797735000.0,-59.9948821086348
21802733333.3,-60.64257442700502
21807731666.7,-59.79192773517998
21812730000.0,-59.57193481130189
21817728333.3,-60.11670319219669
21822726666.7,-60.61325919696194
21827725000.0,-60.03894616445217
21832723333.3,-59.84812427181594
21837721666.7,-59.93591909800139
21842720000.0,-60.42229079306998
21847718333.3,-61.42144378488023
21852716666.7,-61.27667820074282
21857715000.0,-60.91623002857972
21862713333.3,-60.97715493001867
21867711666.7,-60.97222923528393
21872710000.0,-61.60974944993814
21877708333.3,-61.449276199832816
21882706666.7,-61.38191170623371
21887705000.0,-60.913528978801416
21892703333.3,-61.04119489909739
21897701666.7,-61.311887918612655
21902700000.0,-61.267249412535925
21907698333.3,-60.50065761156339
21912696666.7,-60.895592142597025
21917695000.0,-60.525568858220666
21922693333.3,-61.18245151381575
21927691666.7,-60.4331187876365
21932690000.0,-61.6104168736186
21937688333.3,-60.95443963023953
21942686666.7,-61.34605432248105
21947685000.0,-60.970756159092865
21952683333.3,-61.603539010348776
21957681666.7,-61.39390757699167
21962680000.0,-61.24704797708332
21967678333.3,-61.60355840865725
21972676666.7,-60.700215350454165
21977675000.0,-60.41447279520262
21982673333.3,-60.48671265719686
21987671666.7,-60.48283403562428
21992670000.0,-60.67760839603057
21997668333.3,-60.77845748716999
22002666666.7,-60.12087507197372
22007665000.0,-60.63480246272684
22012663333.3,-60.55073373395534
22017661666.7,-61.33897589947332
22022660000.0,-60.99969002892692
22027658333.3,-61.076940945595254
22032656666.7,-60.65359244158847
22037655000.0,-60.8886113807752
22042653333.3,-61.014939371956814
22047651666.7,-61.00402547910846
22052650000.0,-61.2403384014359
22057648333.3,-60.62440942162927
22062646666.7,-60.71117578466067
22067645000.0,-60.20739015604599
22072643333.3,-60.7945673260279
22077641666.7,-60.068905586971496
22082640000.0,-60.229500609009406
22087638333.3,-60.504576600291465
22092636666.7,-60.38242920787479
22097635000.0,-61.2272199422658
22102633333.3,-60.84891221376424
22107631666.7,-60.43865942569359
22112630000.0,-61.563296688185936
22117628333.3,-61.81877382180468
22122626666.7,-61.695971616647284
22127625000.0,-61.47367884776939
22132623333.3,-61.045698701851414
22137621666.7,-61.66130052893656
22142620000.0,-61.173923648597075
22147618333.3,-61.05167426104187
22152616666.7,-60.481783922408134
22157615000.0,-60.508057734761906
22162613333.3,-60.77546198809568
22167611666.7,-60.15676385382048
22172610000.0,-60.32991798020135
22177608333.3,-60.08123766473802
22182606666.7,-60.31294597654595
22187605000.0,-60.552963130496245
22192603333.3,-60.921138310923126
22197601666.7,-60.414616199716065
22202600000.0,-60.217984763537785
22207598333.3,-60.79687273934927
22212596666.7,-61.079960315357056
22217595000.0,-61.08103001726312
22222593333.3,-59.36763131546479
22227591666.7,-60.34039243699084
22232590000.0,-60.145781059705655
22237588333.3,-60.700667634869504
22242586666.7,-59.67139762915919
22247585000.0,-60.07620924850109
22252583333.3,-60.55364162902117
22257581666.7,-60.40824242462009
22262580000.0,-60.241499680037634
22267578333.3,-60.01723684040958
22272576666.7,-60.937684206830404
22277575000.0,-60.478690709423816
22282573333.3,-60.94651100139829
22287571666.7,-60.52030282620591
22292570000.0,-61.21088936558465
22297568333.3,-61.08763007687415
22302566666.7,-60.56004522059525
22307565000.0,-61.12699267896227
22312563333.3,-61.14928520864918
22317561666.7,-61.04370355467474
22322560000.0,-61.30696740448245
22327558333.3,-61.79874755817007
22332556666.7,-61.80678481277327
22337555000.0,-61.350878138284735
22342553333.3,-60.94597404614695
22347551666.7,-60.83916883025792
22352550000.0,-61.44200896111565
22357548333.3,-60.3167297770927
22362546666.7,-61.18988886377081
22367545000.0,-60.738633021917245
22372543333.3,-60.6133585465971
22377541666.7,-61.090964905638224
22382540000.0,-60.49602596266159
22387538333.3,-60.76866392977643
22392536666.7,-60.691669262789
22397535000.0,-60.33602655511459
22402533333.3,-60.805359500608475
22407531666.7,-61.60878762245674
22412530000.0,-60.68782407760133
22417528333.3,-61.145767726514926
22422526666.7,-60.645106857615346
22427525000.0,-60.38715423582185
22432523333.3,-60.64818573587709
22437521666.7,-60.38243680586991
22442520000.0,-60.459324496838164
22447518333.3,-60.90521935911865
22452516666.7,-60.64885137117275
22457515000.0,-60.53562448683514
22462513333.3,-60.13285030322799
22467511666.7,-60.900523991935486
22472510000.0,-60.24271447797005
22477508333.3,-60.16921230852037
22482506666.7,-59.91856153060332
22487505000.0,-60.38929772816263
22492503333.3,-60.302776466278864
22497501666.7,-59.65912789368338
22502500000.0,-60.83992179356357
22507498333.3,-59.701355878003824
22512496666.7,-60.27801316419806
22517495000.0,-59.796423807805326
22522493333.3,-60.156780760250115
22527491666.7,-60.04305017431244
22532490000.0,-60.11871921460643
22537488333.3,-60.44097386197622
22542486666.7,-60.491807316272954
22547485000.0,-60.71794492266456
22552483333.3,-60.878632689440686
22557481666.7,-60.99867628080172
22562480000.0,-61.4015902688143
22567478333.3,-61.25796022958735
22572476666.7,-61.391907291201804
22577475000.0,-61.35990228469812
22582473333.3,-61.66440070887374
22587471666.7,-61.82998004449976
22592470000.0,-60.99367748944445
22597468333.3,-61.76339457811543
22602466666.7,-61.786041645965554
22607465000.0,-61.74777187002874
22612463333.3,-61.407556910843425
22617461666.7,-61.670116982242746
22622460000.0,-61.77812914855014
22627458333.3,-61.15493783856226
22632456666.7,-62.39782373109072
22637455000.0,-62.06110862710553
22642453333.3,-61.239665939317184
22647451666.7,-62.41088072286779
22652450000.0,-61.5187857937469
22657448333.3,-61.34550649767426
22662446666.7,-61.193779926725576
22667445000.0,-61.432697068301906
22672443333.3,-61.34272616704727
22677441666.7,-61.356661430946524
22682440000.0,-61.36857742517055
22687438333.3,-61.38910626976845
22692436666.7,-61.379198006585256
22697435000.0,-60.79249657732532
22702433333.3,-60.882025467788246
22707431666.7,-61.345617497392766
22712430000.0,-61.14701826497218
22717428333.3,-60.27304362549408
22722426666.7,-61.10682879237322
22727425000.0,-60.88526013171415
22732423333.3,-61.11558743392381
22737421666.7,-60.63362972836606
22742420000.0,-61.489026451588025
22747418333.3,-61.278252307289875
22752416666.7,-60.98300423130672
22757415000.0,-61.525518857268764
22762413333.3,-60.87399374944452
22767411666.7,-61.46146968916351
22772410000.0,-61.6492000669928
22777408333.3,-61.19645072942006
22782406666.7,-61.00772471788626
22787405000.0,-61.10557887327665
22792403333.3,-61.68823956054965
22797401666.7,-62.21719701762317
22802400000.0,-61.486013510110354
22807398333.3,-61.86126496325345
22812396666.7,-62.09047126895505
22817395000.0,-62.212613864946256
22822393333.3,-62.3459056580463
22827391666.7,-62.407002253897915
22832390000.0,-62.577429424878744
22837388333.3,-62.64286163522694
22842386666.7,-62.03350655916584
22847385000.0,-62.08856649485657
22852383333.3,-62.09156864243901
22857381666.7,-62.713392410730044
22862380000.0,-62.329666928940995
22867378333.3,-61.79106320612042
22872376666.7,-62.27341208429141
22877375000.0,-62.215186438850445
22882373333.3,-62.11615050538981
22887371666.7,-61.70488689428807
22892370000.0,-61.93469143409455
22897368333.3,-62.54101224952344
22902366666.7,-62.09480593752463
22907365000.0,-61.37121818428429
22912363333.3,-62.270676790443204
22917361666.7,-62.31112129330257
22922360000.0,-62.00717133794063
22927358333.3,-61.71421794390107
22932356666.7,-61.980037232687046
22937355000.0,-61.99048819807701
22942353333.3,-62.07052944593502
22947351666.7,-62.00263057556094
22952350000.0,-61.6564563010881
22957348333.3,-61.63402249174696
22962346666.7,-61.789715001143925
22967345000.0,-61.41355431162339
22972343333.3,-61.27067722136164
22977341666.7,-61.395137076639095
22982340000.0,-61.519511022654044
22987338333.3,-61.62804941765714
22992336666.7,-61.77366946052917
22997335000.0,-62.092933791921574
23002333333.3,-61.55848102080259
23007331666.7,-61.4597943950832
23012330000.0,-61.93475025756491
23017328333.3,-61.688000461700526
23022326666.7,-62.288307092570506
23027325000.0,-61.2257835816921
23032323333.3,-61.3208716666512
23037321666.7,-61.77150808095342
23042320000.0,-61.74058550848754
23047318333.3,-61.88558489965118
23052316666.7,-62.304525074415224
23057315000.0,-61.560510492788694
23062313333.3,-61.46096869416405
23067311666.7,-62.2973894116922
23072310000.0,-61.05566630149422
23077308333.3,-62.31293318649551
23082306666.7,-62.316051540486946
23087305000.0,-61.60002273584537
23092303333.3,-62.40968492448967
23097301666.7,-62.326083377442494
23102300000.0,-61.72616858422229
23107298333.3,-62.581717625948336
23112296666.7,-62.72348325876273
23117295000.0,-62.63288919516724
23122293333.3,-63.19980495152693
23127291666.7,-62.35940513187431
23132290000.0,-62.432644270332496
23137288333.3,-62.063509322182455
23142286666.7,-61.92997073683656
23147285000.0,-62.50323312569944
23152283333.3,-62.84034175907195
23157281666.7,-62.71267013608088
23162280000.0,-62.521508441658355
23167278333.3,-62.619889660599746
23172276666.7,-62.37058636445913
23177275000.0,-62.38700158764746
23182273333.3,-63.028292939504816
23187271666.7,-63.17351210309227
23192270000.0,-62.34870179165439
23197268333.3,-61.93455516302084
23202266666.7,-62.13188743211038
23207265000.0,-62.09575514229773
23212263333.3,-62.06595827431906
23217261666.7,-61.55178948412722
23222260000.0,-61.28304327991703
23227258333.3,-62.117132989040954
23232256666.7,-61.99746065469008
23237255000.0,-62.30708264186339
23242253333.3,-61.87357515169107
23247251666.7,-61.79744532023533
23252250000.0,-62.05469965477273
23257248333.3,-62.503416359484575
23262246666.7,-61.56267564847383
23267245000.0,-62.97282458658492
23272243333.3,-62.0277298307736
23277241666.7,-61.78470508652424
23282240000.0,-62.491845851571675
23287238333.3,-63.168313278696914
23292236666.7,-62.522584628352796
23297235000.0,-62.2331587542527
23302233333.3,-62.37352492205609
23307231666.7,-62.82080113687816
23312230000.0,-62.61336050743428
23317228333.3,-62.66522490387088
23322226666.7,-62.29395522102984
23327225000.0,-62.35233115937244
23332223333.3,-62.966248098669915
23337221666.7,-62.388405615243386
23342220000.0,-61.80232281673333
23347218333.3,-62.91721391526369
23352216666.7,-62.644353280865374
23357215000.0,-62.57692673100925
23362213333.3,-63.06322011484538
23367211666.7,-62.54235667079992
23372210000.0,-61.850262909069755
23377208333.3,-62.33805448631312
23382206666.7,-62.56230678794617
23387205000.0,-62.63269115633048
23392203333.3,-62.52016678464648
23397201666.7,-62.881413750445034
23402200000.0,-61.98707774655959
23407198333.3,-62.55929823321836
23412196666.7,-62.37454288495314
23417195000.0,-62.75452887112917
23422193333.3,-61.676309092884445
23427191666.7,-62.02187650521598
23432190000.0,-62.61635402626386
23437188333.3,-62.41581503579995
23442186666.7,-62.973436936640596
23447185000.0,-62.32499665127912
23452183333.3,-63.13044410120839
23457181666.7,-62.10312876471163
23462180000.0,-62.03606807647355
23467178333.3,-62.79495014062818
23472176666.7,-62.22788398671184
23477175000.0,-62.10922821003821
23482173333.3,-61.918865214427655
23487171666.7,-63.50423662459281
23492170000.0,-62.91753296260463
23497168333.3,-63.07870666710859
23502166666.7,-62.40519303890639
23507165000.0,-61.93443047680204
23512163333.3,-62.452562312944636
23517161666.7,-62.77731754895923
23522160000.0,-63.047781879171126
23527158333.3,-63.38172704297551
23532156666.7,-63.37775356301048
23537155000.0,-62.628635510052476
23542153333.3,-63.96331126582492
23547151666.7,-63.37430740870168
23552150000.0,-63.46678250598251
23557148333.3,-63.11313024651038
23562146666.7,-62.787224150962416
23567145000.0,-62.36845628061789
23572143333.3,-62.845942231715554
23577141666.7,-62.36442463571349
23582140000.0,-62.91863788363518
23587138333.3,-61.76615784879505
23592136666.7,-62.369915808710495
23597135000.0,-62.202413876034306
23602133333.3,-62.691403203608196
23607131666.7,-61.83155932526178
23612130000.0,-62.525669134294105
23617128333.3,-62.5192297915942
23622126666.7,-62.29642768807983
23627125000.0,-61.85667954289607
23632123333.3,-61.93389372908669
23637121666.7,-62.21021605242305
23642120000.0,-62.95958055810477
23647118333.3,-62.78749468803406
23652116666.7,-62.39570370941995
23657115000.0,-62.00231590820481
23662113333.3,-62.22708885338235
23667111666.7,-62.341099530591876
23672110000.0,-62.800988971480116
23677108333.3,-62.21785782404847
23682106666.7,-62.09166419787362
23687105000.0,-61.90512212284082
23692103333.3,-62.49784220909451
23697101666.7,-62.00578126138062
23702100000.0,-61.71057827495565
23707098333.3,-62.53594611380559
23712096666.7,-62.221659855615044
23717095000.0,-62.43319049304106
23722093333.3,-62.527121660006976
23727091666.7,-62.67859109579243
23732090000.0,-62.06349117137877
23737088333.3,-63.44754897390827
23742086666.7,-61.652876678372586
23747085000.0,-63.05327414780579
23752083333.3,-62.27472589053184
23757081666.7,-63.51662096205226
23762080000.0,-62.79778868277438
23767078333.3,-62.42389106044784
23772076666.7,-62.36340143569349
23777075000.0,-62.832696141623174
23782073333.3,-62.56672397977439
23787071666.7,-62.15553776950951
23792070000.0,-62.93085064494089
23797068333.3,-63.30443382184248
23802066666.7,-62.63313351254274
23807065000.0,-63.415569664110734
23812063333.3,-62.361664058558056
23817061666.7,-61.987438282924366
23822060000.0,-61.98568183924925
23827058333.3,-61.579269022410855
23832056666.7,-61.47260509397964
23837055000.0,-62.3088020600819
23842053333.3,-61.355784392780926
23847051666.7,-61.340911307850206
23852050000.0,-61.18318876303755
23857048333.3,-61.7710591722378
23862046666.7,-62.380795468938615
23867045000.0,-61.27405681092281
23872043333.3,-61.92494816023754
23877041666.7,-62.34969999351739
23882040000.0,-62.0673496950169
23887038333.3,-62.899226145304
23892036666.7,-62.081739096004746
23897035000.0,-62.27839498785908
23902033333.3,-61.66049505293779
23907031666.7,-62.13323970555536
23912030000.0,-62.72986231971072
23917028333.3,-61.58171562054512
23922026666.7,-61.774769169779404
23927025000.0,-60.91790126652882
23932023333.3,-61.53617475366978
23937021666.7,-62.04334062780422
23942020000.0,-61.76333377865927
23947018333.3,-61.0480161336954
23952016666.7,-62.40236239028175
23957015000.0,-60.95101402155998
23962013333.3,-62.35431975351589
23967011666.7,-62.57531136874757
23972010000.0,-62.40965122414536
23977008333.3,-63.31572074384763
23982006666.7,-62.23793942798915
23987005000.0,-62.92145749569188
23992003333.3,-62.462620585485666
23997001666.7,-62.412031428406436
24002000000.0,-61.43501848194613
24006998333.3,-62.122348016101455
24011996666.7,-60.5220095690199
24016995000.0,-60.21966664440464
24021993333.3,-59.78064476861444
24026991666.7,-62.51840622444442
24031990000.0,-62.06261198948086
24036988333.3,-61.926883262325106
24041986666.7,-64.11299019410302
24046985000.0,-61.14824686768196
24051983333.3,-62.7410950799255
24056981666.7,-61.49170475680325
24061980000.0,-61.34163560317562
24066978333.3,-59.97230606717628
24071976666.7,-61.75367971604356
24076975000.0,-59.723702063373175
24081973333.3,-60.09382418866246
24086971666.7,-62.60623877847735
24091970000.0,-62.97848184559265
24096968333.3,-60.29946997909259
24101966666.7,-61.01299439560715
24106965000.0,-59.619815991837214
24111963333.3,-61.43035449874168
24116961666.7,-60.52377199891822
24121960000.0,-60.45272990112301
24126958333.3,-57.86269856563895
24131956666.7,-57.26759824938503
24136955000.0,-59.48817703338512
24141953333.3,-60.00294678638504
24146951666.7,-60.53082829859542
24151950000.0,-61.83333325490875
24156948333.3,-59.71776528068381
24161946666.7,-62.63421576191814
24166945000.0,-58.88338149976077
24171943333.3,-62.96170153516571
24176941666.7,-62.25904542312419
24181940000.0,-59.272414013301855
24186938333.3,-63.1738173011062
24191936666.7,-60.18500334109287
24196935000.0,-62.95016108456018
24201933333.3,-60.72083816193973
24206931666.7,-60.790781901055944
24211930000.0,-63.89535226014553
24216928333.3,-61.898339884023585
24221926666.7,-63.176697097190015
24226925000.0,-64.05485741853585
24231923333.3,-64.12231518291975
24236921666.7,-63.06106652939534
24241920000.0,-62.5811055162447
24246918333.3,-63.77054688834064
24251916666.7,-61.43461533618893
24256915000.0,-62.697164173449934
24261913333.3,-64.56819840314276
24266911666.7,-64.03766695825708
24271910000.0,-60.79305916630637
24276908333.3,-62.03602385321992
24281906666.7,-63.63309908316383
24286905000.0,-61.35880736584178
24291903333.3,-61.76164962729645
24296901666.7,-62.419441555013975
24301900000.0,-62.48325333770349
24306898333.3,-63.59697691868967
24311896666.7,-60.683770395705274
24316895000.0,-61.936231435530146
24321893333.3,-63.294109402767525
24326891666.7,-61.64735430845851
24331890000.0,-62.376411494704804
24336888333.3,-62.931273849630614
24341886666.7,-60.8881924213797
24346885000.0,-63.05793526587994
24351883333.3,-60.94823513319547
24356881666.7,-60.70068699226307
24361880000.0,-59.67900475865668
24366878333.3,-61.96186508554654
24371876666.7,-59.156314231836944
24376875000.0,-60.294693817490305
24381873333.3,-60.44700218149161
24386871666.7,-63.875622925009154
24391870000.0,-63.9979176388845
24396868333.3,-60.602270225830665
24401866666.7,-63.37093422949742
24406865000.0,-60.35861768767566
24411863333.3,-61.28368204550167
24416861666.7,-59.488475148381326
24421860000.0,-64.8543126402213
24426858333.3,-61.83144824191032
24431856666.7,-60.85146665809097
24436855000.0,-66.25464560187106
24441853333.3,-62.55871033267111
24446851666.7,-59.8633426760679
24451850000.0,-60.81117232582624
24456848333.3,-62.36372166029077
24461846666.7,-60.143487059579414
24466845000.0,-63.59996112552555
24471843333.3,-61.18107965637619
24476841666.7,-61.25663281883497
24481840000.0,-63.07681456891657
24486838333.3,-62.3884466616811
24491836666.7,-61.49740743272284
24496835000.0,-64.46089672264102
24501833333.3,-61.859845287176746
24506831666.7,-62.56885492235665
24511830000.0,-63.11475067207275
24516828333.3,-61.77373147648137
24521826666.7,-64.15183395682166
24526825000.0,-63.34617299621506
24531823333.3,-63.04032473050343
24536821666.7,-62.12841812337708
24541820000.0,-62.51604304103892
24546818333.3,-60.656045308217344
24551816666.7,-60.92664672578607
24556815000.0,-60.89096687647224
24561813333.3,-62.68432958537513
24566811666.7,-59.72690306185041
24571810000.0,-62.84433526010126
24576808333.3,-62.64567327305584
24581806666.7,-61.12833633667465
24586805000.0,-60.072746001251744
24591803333.3,-64.87686775861728
24596801666.7,-61.86733497380993
24601800000.0,-63.130483960891056
24606798333.3,-59.872851131892055
24611796666.7,-61.83572917526274
24616795000.0,-61.09454056618321
24621793333.3,-61.1283882406336
24626791666.7,-59.17322086344225
24631790000.0,-61.689567765205624
24636788333.3,-59.560821815114636
24641786666.7,-59.48047461455225
24646785000.0,-61.64644191410267
24651783333.3,-61.07283813818357
24656781666.7,-62.400543972646076
24661780000.0,-63.29500854908035
24666778333.3,-61.36707710383027
24671776666.7,-60.90336712260692
24676775000.0,-61.39226121600486
24681773333.3,-61.30532676227877
24686771666.7,-60.91134576382936
24691770000.0,-63.597150282327426
24696768333.3,-61.025948462141585
24701766666.7,-60.023144849147045
24706765000.0,-60.10347575390449
24711763333.3,-61.229889709167935
24716761666.7,-61.60799997209196
24721760000.0,-60.51870848458095
24726758333.3,-60.3032452870676
24731756666.7,-61.144307752224606
24736755000.0,-60.81710712664613
24741753333.3,-62.38328182646744
24746751666.7,-64.34867634015978
24751750000.0,-63.97835633153372
24756748333.3,-60.89064738926567
24761746666.7,-61.64065233317159
24766745000.0,-62.46610551892165
24771743333.3,-62.24247070839318
24776741666.7,-63.244503978716864
24781740000.0,-61.21029816201964
24786738333.3,-62.11811061714876
24791736666.7,-61.52622384081575
24796735000.0,-61.980232141482446
24801733333.3,-62.28157950027236
24806731666.7,-60.04634768243102
24811730000.0,-61.38129736275653
24816728333.3,-62.22712352565399
24821726666.7,-62.04914843152431
24826725000.0,-61.292817053967646
24831723333.3,-60.95969516410538
24836721666.7,-62.56764779431445
24841720000.0,-62.97315282912416
24846718333.3,-62.08809716816414
24851716666.7,-62.71053436886991
24856715000.0,-60.004820664183775
24861713333.3,-62.85039398552452
24866711666.7,-62.12494731726221
24871710000.0,-65.46912496552548
24876708333.3,-61.83572403135422
24881706666.7,-59.92499829890355
24886705000.0,-61.44765045683644
24891703333.3,-63.14530770144175
24896701666.7,-63.091021160479606
24901700000.0,-61.54468309557903
24906698333.3,-60.6090750441595
24911696666.7,-62.45335898538957
24916695000.0,-66.36442508569593
24921693333.3,-62.51156384247973
24926691666.7,-60.64320265501288
24931690000.0,-60.33233572991314
24936688333.3,-60.77362601771054
24941686666.7,-62.48622737712188
24946685000.0,-63.33999982533974
24951683333.3,-62.31137384906229
24956681666.7,-62.22840162693444
24961680000.0,-61.399812483213616
24966678333.3,-61.72452173757225
24971676666.7,-61.13361836587355
24976675000.0,-63.04255493113509
24981673333.3,-61.02111613025673
24986671666.7,-61.40960365715719
24991670000.0,-61.51855817987813
24996668333.3,-63.44829030453607
25001666666.7,-62.131472832932076
25006665000.0,-62.93148328050081
25011663333.3,-60.96701260954501
25016661666.7,-64.60648100481885
25021660000.0,-62.97531103911772
25026658333.3,-64.03568005219923
25031656666.7,-61.31328125448559
25036655000.0,-64.1321809006115
25041653333.3,-62.35625082550257
25046651666.7,-62.747670319173466
25051650000.0,-61.02445696565098
25056648333.3,-62.50423157423545
25061646666.7,-62.984301773171666
25066645000.0,-64.23335531846327
25071643333.3,-62.48039241565354
25076641666.7,-64.15685546211121
25081640000.0,-61.58676414367669
25086638333.3,-61.16171869311363
25091636666.7,-62.89189664664518
25096635000.0,-63.19481647637622
25101633333.3,-64.20751622394559
25106631666.7,-63.43071653335508
25111630000.0,-62.06685853565563
25116628333.3,-63.830586801343145
25121626666.7,-63.645289967203034
25126625000.0,-61.96269962859408
25131623333.3,-62.507208469761196
25136621666.7,-61.332917882387235
25141620000.0,-62.23841505681443
25146618333.3,-63.47151452204539
25151616666.7,-62.430812717675636
25156615000.0,-61.77418477902387
25161613333.3,-65.71065139688986
25166611666.7,-62.65684330615019
25171610000.0,-62.92486802186761
25176608333.3,-65.49506749868914
25181606666.7,-62.42251272497907
25186605000.0,-66.63479143158814
25191603333.3,-63.46834809776468
25196601666.7,-64.05935694291165
25201600000.0,-62.99974773009593
25206598333.3,-63.130940088791085
25211596666.7,-62.58490794849546
25216595000.0,-65.4377913299085
25221593333.3,-60.897394526160355
25226591666.7,-61.606195430115164
25231590000.0,-63.58914819111643
25236588333.3,-62.045402047780556
25241586666.7,-64.52807149856758
25246585000.0,-64.81393716987188
25251583333.3,-62.98484942249098
25256581666.7,-61.157406306657094
25261580000.0,-64.78102607079025
25266578333.3,-64.6973996855465
25271576666.7,-66.58793709243204
25276575000.0,-63.713301089145105
25281573333.3,-63.790339298256754
25286571666.7,-62.600089312704
25291570000.0,-62.343040968793545
25296568333.3,-63.435560073531434
25301566666.7,-63.867742282869315
25306565000.0,-64.05691730273684
25311563333.3,-62.13348095353975
25316561666.7,-63.021781103853634
25321560000.0,-62.016018993922366
25326558333.3,-63.761695534608066
25331556666.7,-64.15068204138154
25336555000.0,-62.846668525748974
25341553333.3,-62.59214140594154
25346551666.7,-65.5892862366313
25351550000.0,-61.53441501262647
25356548333.3,-63.21729572741362
25361546666.7,-63.76585647229706
25366545000.0,-66.54503459922829
25371543333.3,-63.400271849687535
25376541666.7,-64.05266264154517
25381540000.0,-63.02831576932291
25386538333.3,-63.59072012436996
25391536666.7,-63.11559386800258
25396535000.0,-63.519530356999766
25401533333.3,-63.456783039585545
25406531666.7,-61.81125651553991
25411530000.0,-64.73844924925315
25416528333.3,-64.6247910983623
25421526666.7,-61.010899764004556
25426525000.0,-62.832964613723874
25431523333.3,-61.53274515560196
25436521666.7,-62.03727159385262
25441520000.0,-64.47220752374285
25446518333.3,-65.9458884139933
25451516666.7,-65.33215326638208
25456515000.0,-63.949488454314995
25461513333.3,-64.98183995071612
25466511666.7,-65.21777880887869
25471510000.0,-62.577678762492745
25476508333.3,-62.080557172906154
25481506666.7,-63.68692876559458
25486505000.0,-61.850560529080596
25491503333.3,-64.49885248961364
25496501666.7,-61.849547359774
25501500000.0,-61.0510767036902
25506498333.3,-61.67617890199192
25511496666.7,-63.07920104764211
25516495000.0,-61.99575836324576
25521493333.3,-62.896625762435114
25526491666.7,-66.6667319417844
25531490000.0,-61.8520820972751
25536488333.3,-63.297559047996906
25541486666.7,-63.75799339045081
25546485000.0,-66.66826641775783
25551483333.3,-62.97798011881725
25556481666.7,-62.34217082251696
25561480000.0,-63.835004807558704
25566478333.3,-63.481465433522985
25571476666.7,-62.19203659995724
25576475000.0,-62.79510524269634
25581473333.3,-62.35988571796739
25586471666.7,-63.41695628204124
25591470000.0,-63.52619170563146
25596468333.3,-64.18565543543606
25601466666.7,-60.035965090694916
25606465000.0,-61.19598233587307
25611463333.3,-67.7860381511347
25616461666.7,-64.7901927641618
25621460000.0,-64.20248920242088
25626458333.3,-61.84939563892122
25631456666.7,-64.30827429728014
25636455000.0,-65.61480449905093
25641453333.3,-63.84409577277326
25646451666.7,-62.14181916329534
25651450000.0,-65.43171682970147
25656448333.3,-63.20906991232019
25661446666.7,-62.26343374418423
25666445000.0,-65.28937419773185
25671443333.3,-64.57180102806029
25676441666.7,-65.17722673750946
25681440000.0,-64.81637317825955
25686438333.3,-66.75685230445436
25691436666.7,-63.19130208788945
25696435000.0,-65.2189935831476
25701433333.3,-62.78053098077265
25706431666.7,-63.64342919589291
25711430000.0,-65.42728846216258
25716428333.3,-65.42296790060131
25721426666.7,-65.92503451755081
25726425000.0,-62.586519109255015
25731423333.3,-63.420431504952475
25736421666.7,-63.27292506886867
25741420000.0,-62.26679255467819
25746418333.3,-61.76305455410747
25751416666.7,-61.744365407289436
25756415000.0,-60.920317980648385
25761413333.3,-60.496376638723476
25766411666.7,-63.592928992650776
25771410000.0,-62.70056789636258
25776408333.3,-63.35320080219429
25781406666.7,-61.71134616617713
25786405000.0,-63.938856455791864
25791403333.3,-61.415769009987386
25796401666.7,-64.33904562375348
25801400000.0,-62.848894397015506
25806398333.3,-61.52938194859479
25811396666.7,-63.225279053568016
25816395000.0,-61.51959267581111
25821393333.3,-61.53789370337545
25826391666.7,-60.90055442406719
25831390000.0,-63.514696761880536
25836388333.3,-61.95801155681414
25841386666.7,-61.596398407426854
25846385000.0,-63.64160704925779
25851383333.3,-61.21428743458785
25856381666.7,-62.13016570880329
25861380000.0,-61.29930409119309
25866378333.3,-62.83005065607591
25871376666.7,-65.02338777991989
25876375000.0,-65.47122694205798
25881373333.3,-62.65531808877553
25886371666.7,-65.76563747489568
25891370000.0,-63.15462366701012
25896368333.3,-64.74927563799415
25901366666.7,-64.42320069312422
25906365000.0,-66.74291580962102
25911363333.3,-64.60836375417301
25916361666.7,-63.787927477303946
25921360000.0,-61.91699070457297
25926358333.3,-61.73759859682121
25931356666.7,-60.55298881912982
25936355000.0,-62.417515195563155
25941353333.3,-63.12833444929514
25946351666.7,-62.23631150339874
25951350000.0,-64.41368968966077
25956348333.3,-61.27205956713275
25961346666.7,-63.16994529131074
25966345000.0,-64.91453038835598
25971343333.3,-64.71260622325758
25976341666.7,-63.30103415291644
25981340000.0,-63.22299546531745
25986338333.3,-65.43403607062673
25991336666.7,-62.38235382182818
25996335000.0,-60.843376643919356
26001333333.3,-62.84100245486332
26006331666.7,-62.33509638691547
26011330000.0,-64.26475080390433
26016328333.3,-62.579207160695645
26021326666.7,-62.50348558584466
26026325000.0,-60.73198433952666
26031323333.3,-66.16418109677089
26036321666.7,-60.13126655358321
26041320000.0,-64.80830717829465
26046318333.3,-64.57484777049038
26051316666.7,-65.18958528345026
26056315000.0,-62.83734323035094
26061313333.3,-64.37378973844591
26066311666.7,-64.499157944436
26071310000.0,-62.52859336241089
26076308333.3,-62.851010428222864
26081306666.7,-62.06451254032849
26086305000.0,-64.21068589453694
26091303333.3,-65.8701631598833
26096301666.7,-61.5472926214605
26101300000.0,-61.258591537553514
26106298333.3,-64.01061991557935
26111296666.7,-65.20557721936646
26116295000.0,-64.38768329031197
26121293333.3,-63.12987877009859
26126291666.7,-69.69519747943619
26131290000.0,-64.95755418469926
26136288333.3,-64.54103375701703
26141286666.7,-64.05228265189025
26146285000.0,-64.73066651242414
26151283333.3,-64.32639133752077
26156281666.7,-64.51922950498384
26161280000.0,-64.27754872141024
26166278333.3,-65.84265857495046
26171276666.7,-63.6124662106657
26176275000.0,-62.22786278596695
26181273333.3,-62.22401809665854
26186271666.7,-61.43994263112094
26191270000.0,-63.84892522147286
26196268333.3,-62.15984270113821
26201266666.7,-63.08838757271786
26206265000.0,-64.8606163167747
26211263333.3,-62.364620576997254
26216261666.7,-62.46946099488849
26221260000.0,-64.87233891916459
26226258333.3,-62.89813774124477
26231256666.7,-66.94344282845535
26236255000.0,-64.35969631933662
26241253333.3,-63.20887196105633
26246251666.7,-63.222771937535995
26251250000.0,-61.76808785942188
26256248333.3,-62.81758609254893
26261246666.7,-65.11849000990384
26266245000.0,-61.148829073133406
26271243333.3,-62.33677540028083
26276241666.7,-62.891304551359866
26281240000.0,-62.8811620066843
26286238333.3,-63.38032722719272
26291236666.7,-63.249956936410705
26296235000.0,-64.57814870810894
26301233333.3,-62.96771175995407
26306231666.7,-62.84749780874239
26311230000.0,-65.95005254069534
26316228333.3,-65.50491722745589
26321226666.7,-63.5205086092503
26326225000.0,-61.80431750170894
26331223333.3,-62.956095608868345
26336221666.7,-63.59429435869043
26341220000.0,-62.14790727794942
26346218333.3,-61.81195821404975
26351216666.7,-66.01466471567076
26356215000.0,-63.23323263559065
26361213333.3,-62.40288119290604
26366211666.7,-65.45464725727427
26371210000.0,-66.89955140159263
26376208333.3,-64.83500357164327
26381206666.7,-63.34740360382313
26386205000.0,-64.68366580861675
26391203333.3,-65.02540068198523
26396201666.7,-64.43576861780573
26401200000.0,-65.59438315175402
26406198333.3,-63.749267136685006
26411196666.7,-66.12043743995035
26416195000.0,-66.08923880228504
26421193333.3,-66.49680910200162
26426191666.7,-65.3990725191104
26431190000.0,-65.195660063232
26436188333.3,-62.762061948673306
26441186666.7,-61.403368635618435
26446185000.0,-64.60027376756972
26451183333.3,-61.64510041827788
26456181666.7,-63.147746495269026
26461180000.0,-63.456880518694454
26466178333.3,-62.65061901024934
26471176666.7,-64.88593233272054
26476175000.0,-63.63939348303083
26481173333.3,-65.81186519461464
26486171666.7,-63.28421826997827
26491170000.0,-63.42490962146112
26496168333.3,-64.92428399635594
26501166666.7,-65.5603358716596
26506165000.0,-62.933059363807835
26511163333.3,-64.7023919610614
26516161666.7,-62.878772930300656
26521160000.0,-64.16441221360364
26526158333.3,-63.89384730037902
26531156666.7,-65.43874585764348
26536155000.0,-60.55160172601156
26541153333.3,-64.11377385908838
26546151666.7,-63.91440070704151
26551150000.0,-62.93227382776823
26556148333.3,-61.497985247909526
26561146666.7,-62.54782635376838
26566145000.0,-64.82404202388642
26571143333.3,-65.07593298221875
26576141666.7,-64.33472935033343
26581140000.0,-65.08468387907412
26586138333.3,-62.6767037862965
26591136666.7,-64.0142469354788
26596135000.0,-64.35205840945189
26601133333.3,-66.00574674015081
26606131666.7,-62.740534492410745
26611130000.0,-62.815109707361565
26616128333.3,-62.86587186147927
26621126666.7,-64.23404833899016
26626125000.0,-61.78306165594651
26631123333.3,-64.85792679108567
26636121666.7,-63.86645293317636
26641120000.0,-64.4894931929329
26646118333.3,-63.40414203613846
26651116666.7,-64.29089780945753
26656115000.0,-65.45740749472309
26661113333.3,-64.41570569063418
26666111666.7,-63.49255665077586
26671110000.0,-64.85644545969407
26676108333.3,-61.78123128149704
26681106666.7,-64.37418423083506
26686105000.0,-64.16217616786795
26691103333.3,-63.673634286623795
26696101666.7,-63.57080480504682
26701100000.0,-62.25069668396222
26706098333.3,-62.97514177482257
26711096666.7,-64.11184602894869
26716095000.0,-63.301481383104665
26721093333.3,-65.54550351983852
26726091666.7,-63.42998001202452
26731090000.0,-62.9400666441341
26736088333.3,-63.308379297379844
26741086666.7,-63.905411904741705
26746085000.0,-63.988580230219505
26751083333.3,-64.03355707577354
26756081666.7,-63.21495383818997
26761080000.0,-62.00411546516476
26766078333.3,-64.19150177159213
26771076666.7,-65.03988203501869
26776075000.0,-64.4100863126904
26781073333.3,-65.86775415295128
26786071666.7,-62.633357008567394
26791070000.0,-62.916746085209056
26796068333.3,-61.40430781794307
26801066666.7,-62.60037155857368
26806065000.0,-61.42682642055586
26811063333.3,-62.679914545804095
26816061666.7,-63.20476371676766
26821060000.0,-64.60232805155594
26826058333.3,-62.88552283999765
26831056666.7,-62.95544222736689
26836055000.0,-63.64142184679316
26841053333.3,-63.73055070989026
26846051666.7,-61.451472171983276
26851050000.0,-67.927371585315
26856048333.3,-64.49538622568248
26861046666.7,-64.17460525607308
26866045000.0,-62.374849797368164
26871043333.3,-62.00281136004368
26876041666.7,-62.14293951840439
26881040000.0,-66.15608208708666
26886038333.3,-63.68392981196317
26891036666.7,-60.240104434863035
26896035000.0,-62.71726189939745
26901033333.3,-63.777454490554575
26906031666.7,-63.678494442259456
26911030000.0,-64.55363569027513
26916028333.3,-63.52044937227219
26921026666.7,-63.96051511387555
26926025000.0,-62.9447176116777
26931023333.3,-63.327243753040705
26936021666.7,-61.30675069526841
26941020000.0,-62.938985101234614
26946018333.3,-61.94197869130849
26951016666.7,-61.55123471773972
26956015000.0,-66.03387075431857
26961013333.3,-63.92508483614329
26966011666.7,-62.08645127438831
26971010000.0,-64.30496762663402
26976008333.3,-61.1329687390876
26981006666.7,-64.6120271629481
26986005000.0,-63.04977478451245
26991003333.3,-61.48482840266264
26996001666.7,-64.65529878208383
27001000000.0,-63.436853381466875
27005998333.3,-64.15553850648108
27010996666.7,-63.78782281962618
27015995000.0,-64.86118865005318
27020993333.3,-62.466096436206335
27025991666.7,-64.22676661179617
27030990000.0,-64.82827966681947
27035988333.3,-62.43474613556779
27040986666.7,-62.40520112374364
27045985000.0,-63.8636358597224
27050983333.3,-63.668847921247355
27055981666.7,-63.46463856684675
27060980000.0,-62.957550213355844
27065978333.3,-66.83368156934358
27070976666.7,-65.02323448432529
27075975000.0,-65.58733650079705
27080973333.3,-63.41198957607083
27085971666.7,-65.89987707009982
27090970000.0,-64.86909635805772
27095968333.3,-65.77261750064756
27100966666.7,-64.47795712701053
27105965000.0,-66.89630723022785
27110963333.3,-64.71559488773445
27115961666.7,-64.89986421467626
27120960000.0,-64.86087653433499
27125958333.3,-64.71046161117775
27130956666.7,-62.449705099192315
27135955000.0,-62.07328550404391
27140953333.3,-62.563067744544185
27145951666.7,-63.150441253412886
27150950000.0,-62.745912036969315
27155948333.3,-63.755632726416266
27160946666.7,-63.966741951278635
27165945000.0,-62.43602571790031
27170943333.3,-67.01624080197212
27175941666.7,-63.720025239861904
27180940000.0,-67.22141257736911
27185938333.3,-60.73574115793044
27190936666.7,-65.79923678190698
27195935000.0,-64.19558630922451
27200933333.3,-63.70196343410956
27205931666.7,-64.3004181886427
27210930000.0,-62.22637639036212
27215928333.3,-63.08015344737848
27220926666.7,-64.510179881651
27225925000.0,-61.70961137736675
27230923333.3,-65.55367072798249
27235921666.7,-65.3851251745189
27240920000.0,-64.84578494911324
27245918333.3,-63.60117377326488
27250916666.7,-62.32330046705526
27255915000.0,-68.72595343537454
27260913333.3,-66.84252550131507
27265911666.7,-66.02490125474661
27270910000.0,-64.33654705821058
27275908333.3,-65.88285549597965
27280906666.7,-66.4153866614928
27285905000.0,-63.82524466299958
27290903333.3,-64.70573263448377
27295901666.7,-63.772995237436746
27300900000.0,-63.705200498073715
27305898333.3,-63.24646541054304
27310896666.7,-64.07589321357202
27315895000.0,-64.15630750827073
27320893333.3,-67.20930186611997
27325891666.7,-65.70994508085552
27330890000.0,-64.00268709239033
27335888333.3,-68.18317912888108
27340886666.7,-64.07639294348533
27345885000.0,-64.9911850897666
27350883333.3,-66.26072717966808
27355881666.7,-64.7814258422432
27360880000.0,-64.4350599267459
27365878333.3,-64.05634861336664
27370876666.7,-66.71074444049192
27375875000.0,-62.499326407418216
27380873333.3,-65.40988675153925
27385871666.7,-65.53004662191316
27390870000.0,-61.548954629593204
27395868333.3,-62.9075294309401
27400866666.7,-64.85557275297009
27405865000.0,-62.20860589018561
27410863333.3,-63.31745823734087
27415861666.7,-66.2441492140711
27420860000.0,-64.45552666721207
27425858333.3,-65.95476263366494
27430856666.7,-67.14305901675934
27435855000.0,-65.5637937143728
27440853333.3,-63.47510203797556
27445851666.7,-68.19388733484182
27450850000.0,-62.502498223336566
27455848333.3,-63.37521333895347
27460846666.7,-66.04629404600887
27465845000.0,-63.215939123954996
27470843333.3,-63.24470938006939
27475841666.7,-63.03767659743773
27480840000.0,-64.00751670103088
27485838333.3,-64.6470658104767
27490836666.7,-64.14616774991315
27495835000.0,-64.64682124657956
27500833333.3,-65.19948038006356
27505831666.7,-65.2428993718404
27510830000.0,-65.9078996780704
27515828333.3,-65.62697376745912
27520826666.7,-66.50926027730142
27525825000.0,-70.24258555741304
27530823333.3,-67.95411810042933
27535821666.7,-66.6466754306976
27540820000.0,-66.46330144041391
27545818333.3,-63.55000812781576
27550816666.7,-64.82278857522465
27555815000.0,-66.13547317768823
27560813333.3,-63.877922443709004
27565811666.7,-63.15048594672484
27570810000.0,-63.39991922870673
27575808333.3,-65.65336173109779
27580806666.7,-63.08401188564786
27585805000.0,-64.9211925586321
27590803333.3,-65.78876552572339
27595801666.7,-64.42707661492072
27600800000.0,-65.4590158936362
27605798333.3,-65.77389542717165
27610796666.7,-70.17284159801463
27615795000.0,-64.38314178085453
27620793333.3,-68.98319065010381
27625791666.7,-64.48968123364969
27630790000.0,-64.98037610281045
27635788333.3,-67.35323393717992
27640786666.7,-63.68515930413616
27645785000.0,-62.951609465485994
27650783333.3,-62.96568974602153
27655781666.7,-62.93095809177559
27660780000.0,-64.87035547933291
27665778333.3,-65.19292518453335
27670776666.7,-64.41911186897762
27675775000.0,-66.08606579122099
27680773333.3,-65.38844352991359
27685771666.7,-63.7214710345284
27690770000.0,-64.52529085820035
27695768333.3,-64.52879428843933
27700766666.7,-67.49821264249684
27705765000.0,-64.572861174622
27710763333.3,-64.30855168827011
27715761666.7,-65.37604146777609
27720760000.0,-65.2527919187811
27725758333.3,-62.58830068704129
27730756666.7,-65.07616185914574
27735755000.0,-67.03008802688588
27740753333.3,-64.26544372098185
27745751666.7,-64.50890984287358
27750750000.0,-64.04083721610544
27755748333.3,-64.2896440833685
27760746666.7,-63.405827891586554
27765745000.0,-65.48586631050742
27770743333.3,-67.73205699205906
27775741666.7,-64.81311767723827
27780740000.0,-66.76618351829183
27785738333.3,-63.63738076589226
27790736666.7,-64.71768623240516
27795735000.0,-69.21401256841276
27800733333.3,-65.28476204791984
27805731666.7,-64.7485524985713
27810730000.0,-65.35287022359756
27815728333.3,-66.96003818601771
27820726666.7,-65.26651163209127
27825725000.0,-66.14540931701357
27830723333.3,-64.67868894798866
27835721666.7,-65.4647290639294
27840720000.0,-69.59946319139127
27845718333.3,-65.31529688640055
27850716666.7,-65.28885246791512
27855715000.0,-67.5012720392694
27860713333.3,-68.22669402239622
27865711666.7,-64.65244769251387
27870710000.0,-64.69838150732946
27875708333.3,-67.79667572927086
27880706666.7,-64.44368323623202
27885705000.0,-65.52726217346232
27890703333.3,-64.40346693479336
27895701666.7,-63.90492235026359
27900700000.0,-66.22451128504325
27905698333.3,-63.70568336677341
27910696666.7,-64.14770033879842
27915695000.0,-64.22277541402323
27920693333.3,-63.34055644594823
27925691666.7,-65.53151496430742
27930690000.0,-65.59594149515266
27935688333.3,-64.71698936988089
27940686666.7,-63.722787738452176
27945685000.0,-64.60221459646633
27950683333.3,-66.37174247203576
27955681666.7,-65.7354314924458
27960680000.0,-65.12682620680397
27965678333.3,-64.12318240960066
27970676666.7,-64.48392682363705
27975675000.0,-65.98998310101659
27980673333.3,-65.32170465812753
27985671666.7,-63.0018028620487
27990670000.0,-65.80377259289294
27995668333.3,-67.1582541516903
28000666666.7,-64.54086133977681
28005665000.0,-66.24520097368784
28010663333.3,-65.17606384238134
28015661666.7,-68.58879747634428
28020660000.0,-66.5774254772356
28025658333.3,-64.52265549355816
28030656666.7,-66.8055417443566
28035655000.0,-66.21689148902936
28040653333.3,-68.8411288102998
28045651666.7,-65.49602085044268
28050650000.0,-66.46544294657099
28055648333.3,-65.11808881603983
28060646666.7,-63.806850845091105
28065645000.0,-67.56871284666752
28070643333.3,-68.50352359356778
28075641666.7,-65.96661343793177
28080640000.0,-64.03551437432927
28085638333.3,-66.33495058020279
28090636666.7,-64.86000478421604
28095635000.0,-66.64440239709029
28100633333.3,-67.10674355712425
28105631666.7,-64.0543909230096
28110630000.0,-70.68633651968433
28115628333.3,-65.86004541411364
28120626666.7,-66.42858399207944
28125625000.0,-69.0686666682833
28130623333.3,-67.01684599077512
28135621666.7,-66.94171944879714
28140620000.0,-66.71185827988785
28145618333.3,-65.3622858471516
28150616666.7,-66.76088589884743
28155615000.0,-64.7615989366123
28160613333.3,-65.25675462162684
28165611666.7,-65.94486722099793
28170610000.0,-64.33621854583583
28175608333.3,-66.36226791604781
28180606666.7,-64.81154328181067
28185605000.0,-64.20436060486728
28190603333.3,-65.75160679407301
28195601666.7,-68.08024694638455
28200600000.0,-63.94923493660329
28205598333.3,-67.37218375177862
28210596666.7,-66.9019819763378
28215595000.0,-67.44089341773463
28220593333.3,-68.88742956021522
28225591666.7,-63.86361755653002
28230590000.0,-67.87450829533594
28235588333.3,-65.37250589775107
28240586666.7,-65.42001313446244
28245585000.0,-66.47368722778033
28250583333.3,-65.4844070030833
28255581666.7,-65.22636548834038
28260580000.0,-64.76878948251095
28265578333.3,-66.75100259200863
28270576666.7,-64.7492148177515
28275575000.0,-65.51476183764478
28280573333.3,-65.97917144202192
28285571666.7,-66.8684191980213
28290570000.0,-68.11772489830187
28295568333.3,-69.68781988360885
28300566666.7,-65.73245335105165
28305565000.0,-70.21877137623825
28310563333.3,-68.93927942195505
28315561666.7,-66.51843384566834
28320560000.0,-66.103063958004
28325558333.3,-67.93399949388679
28330556666.7,-69.90065582806098
28335555000.0,-66.27470810166537
28340553333.3,-67.86824687783235
28345551666.7,-71.79997072242128
28350550000.0,-67.52716708178696
28355548333.3,-64.35417576978534
28360546666.7,-67.65156048156786
28365545000.0,-67.87640008895102
28370543333.3,-69.4229623243922
28375541666.7,-68.20020505485103
28380540000.0,-65.69437986138826
28385538333.3,-69.38671847116767
28390536666.7,-66.38142801494594
28395535000.0,-64.10952382002647
28400533333.3,-68.74643393881283
28405531666.7,-69.34042735817778
28410530000.0,-66.60017153133111
28415528333.3,-64.29593192407505
28420526666.7,-65.13193717134853
28425525000.0,-66.53987618178925
28430523333.3,-67.82215143397505
28435521666.7,-67.77801278097402
28440520000.0,-70.29347839592629
28445518333.3,-67.13653655319482
28450516666.7,-65.5222048575878
28455515000.0,-71.3338444122199
28460513333.3,-64.94720491155144
28465511666.7,-63.917323637401104
28470510000.0,-67.30564704047337
28475508333.3,-65.08714324013002
28480506666.7,-65.417913210879
28485505000.0,-66.44771073679173
28490503333.3,-64.32023465000889
28495501666.7,-63.18559744301198
28500500000.0,-64.72403049547303
28505498333.3,-65.26374627994622
28510496666.7,-65.14093123356301
28515495000.0,-64.9406055542708
28520493333.3,-65.7860287036601
28525491666.7,-64.97676345738891
28530490000.0,-64.95412548809696
28535488333.3,-67.14196007545183
28540486666.7,-63.57439802461991
28545485000.0,-68.1354151901569
28550483333.3,-68.52699906823737
28555481666.7,-68.60970481514543
28560480000.0,-65.58429133031167
28565478333.3,-63.707840229086656
28570476666.7,-67.27209307476973
28575475000.0,-66.1926775101143
28580473333.3,-68.01745187489041
28585471666.7,-66.45704821152717
28590470000.0,-65.86526714655298
28595468333.3,-65.25348115525925
28600466666.7,-67.35660792017426
28605465000.0,-67.99225869608185
28610463333.3,-68.35858849577846
28615461666.7,-69.41677849833442
28620460000.0,-69.88946804295618
28625458333.3,-65.49877993948624
28630456666.7,-66.85266630716654
28635455000.0,-67.91128076159356
28640453333.3,-66.89883556121772
28645451666.7,-65.8267821989616
28650450000.0,-64.85317638727678
28655448333.3,-65.28657024684863
28660446666.7,-66.06800263531069
28665445000.0,-69.99153421050329
28670443333.3,-65.56213991994706
28675441666.7,-66.65023951397914
28680440000.0,-67.24658596057259
28685438333.3,-64.71569043421083
28690436666.7,-64.8586600345468
28695435000.0,-66.09799695827294
28700433333.3,-67.9592327900731
28705431666.7,-68.46292449299698
28710430000.0,-65.7514215190512
28715428333.3,-70.0113462675439
28720426666.7,-65.90748725101412
28725425000.0,-64.86092979157081
28730423333.3,-66.64707574200898
28735421666.7,-67.31774135781743
28740420000.0,-66.58361329786409
28745418333.3,-65.45567852758948
28750416666.7,-65.6168486030528
28755415000.0,-65.79361603861314
28760413333.3,-66.69968081732532
28765411666.7,-66.30746709528356
28770410000.0,-64.90499639176528
28775408333.3,-67.64081822704163
28780406666.7,-64.2492676387417
28785405000.0,-64.91470804720188
28790403333.3,-65.60979005990694
28795401666.7,-67.5650492362906
28800400000.0,-64.35822039585304
28805398333.3,-64.7687314547559
28810396666.7,-68.97591982701985
28815395000.0,-65.25171308377207
28820393333.3,-68.51935407741304
28825391666.7,-63.200600801720775
28830390000.0,-66.62345879757282
28835388333.3,-67.61118623383499
28840386666.7,-65.57568991738727
28845385000.0,-67.22955488946481
28850383333.3,-65.64373251590997
28855381666.7,-65.83727441537754
28860380000.0,-65.24956952149057
28865378333.3,-65.50616395244396
28870376666.7,-65.77794384716843
28875375000.0,-67.85901512347523
28880373333.3,-67.8337096082509
28885371666.7,-70.09741257667928
28890370000.0,-66.61534754148057
28895368333.3,-65.2314731450814
28900366666.7,-67.10531597106933
28905365000.0,-65.41603930066243
28910363333.3,-67.0603361589867
28915361666.7,-66.89876856907053
28920360000.0,-66.42669177806752
28925358333.3,-67.27130301513783
28930356666.7,-68.71472781457899
28935355000.0,-66.8838145138545
28940353333.3,-66.54002200666868
28945351666.7,-72.11953598601798
28950350000.0,-66.15699519291184
28955348333.3,-70.85730982062591
28960346666.7,-71.06268552824788
28965345000.0,-69.38071724175268
28970343333.3,-66.42439259733733
28975341666.7,-68.25727624580078
28980340000.0,-67.71239152726068
28985338333.3,-70.40713806930592
28990336666.7,-68.84859491215187
28995335000.0,-68.06812980513422
29000333333.3,-65.34352709176031
29005331666.7,-71.07544974811682
29010330000.0,-65.89407664142064
29015328333.3,-65.37766250093907
29020326666.7,-66.98783877502375
29025325000.0,-71.51301696464259
29030323333.3,-65.01131912253331
29035321666.7,-67.04608751416428
29040320000.0,-70.13762792145079
29045318333.3,-67.6379404326951
29050316666.7,-67.38066066951387
29055315000.0,-71.46811538626585
29060313333.3,-69.1081686409575
29065311666.7,-68.21093561600418
29070310000.0,-68.30050534096843
29075308333.3,-66.78507641119222
29080306666.7,-68.71035782239355
29085305000.0,-65.81076911866872
29090303333.3,-65.16552953401063
29095301666.7,-72.79899084548302
29100300000.0,-69.47548822304725
29105298333.3,-66.08374196212527
29110296666.7,-69.93636853093479
29115295000.0,-67.2224792927578
29120293333.3,-66.93741596153673
29125291666.7,-66.33281613095262
29130290000.0,-71.52099807447955
29135288333.3,-70.27466082639393
29140286666.7,-66.6051719397842
29145285000.0,-70.87095144537253
29150283333.3,-70.20377137575613
29155281666.7,-68.91441278256258
29160280000.0,-66.29197290213438
29165278333.3,-67.7976825778647
29170276666.7,-66.35218056636515
29175275000.0,-66.61687395793237
29180273333.3,-66.29331680883446
29185271666.7,-68.97575936419582
29190270000.0,-68.4343218787715
29195268333.3,-69.64182960834606
29200266666.7,-68.4355030795353
29205265000.0,-77.76444069034956
29210263333.3,-68.31499146494505
29215261666.7,-70.8648719044143
29220260000.0,-71.19878204497712
29225258333.3,-68.93052683716813
29230256666.7,-67.55385334181001
29235255000.0,-73.73370673689783
29240253333.3,-63.64188810983424
29245251666.7,-67.32704952089634
29250250000.0,-70.25978072020337
29255248333.3,-64.36155676192773
29260246666.7,-68.93272682641137
29265245000.0,-68.00241696733318
29270243333.3,-65.9815314615987
29275241666.7,-70.94635656260374
29280240000.0,-70.01113064468561
29285238333.3,-69.19801307820597
29290236666.7,-64.58289407660452
29295235000.0,-68.33311739260563
29300233333.3,-66.15086289876773
29305231666.7,-69.53544036921129
29310230000.0,-66.43797538169841
29315228333.3,-66.87653869372026
29320226666.7,-69.24014940499748
29325225000.0,-69.77930390872439
29330223333.3,-65.25519983742588
29335221666.7,-74.0484445152178
29340220000.0,-68.90685357318081
29345218333.3,-68.65535044232897
29350216666.7,-67.86973778685528
29355215000.0,-68.06961686515214
29360213333.3,-64.57872033455389
29365211666.7,-68.4284159038875
29370210000.0,-69.36759605897635
29375208333.3,-70.39075309191902
29380206666.7,-70.16095658565261
29385205000.0,-69.59183568444578
29390203333.3,-65.64510524972364
29395201666.7,-71.49599094565187
29400200000.0,-72.77849314057123
29405198333.3,-69.82088104791033
29410196666.7,-72.51925728783593
29415195000.0,-70.95391075087917
29420193333.3,-66.17708078260408
29425191666.7,-67.9061095549166
29430190000.0,-70.99613073807406
29435188333.3,-71.4794173602302
29440186666.7,-66.71080246052583
29445185000.0,-67.8777258770806
29450183333.3,-72.52364575288534
29455181666.7,-67.73421986901589
29460180000.0,-72.88194565347486
29465178333.3,-69.22020867903363
29470176666.7,-70.50477475978457
29475175000.0,-66.09538012243253
29480173333.3,-71.78485335915127
29485171666.7,-77.54859296878087
29490170000.0,-77.42007710582439
29495168333.3,-67.8307898377717
29500166666.7,-67.98509222202765
29505165000.0,-70.41578382293795
29510163333.3,-72.91299558716017
29515161666.7,-70.16369751213566
29520160000.0,-67.54120192035752
29525158333.3,-70.08990286068767
29530156666.7,-72.28329909007132
29535155000.0,-71.21190342245497
29540153333.3,-66.6939407272192
29545151666.7,-70.08881843445945
29550150000.0,-71.67576851477247
29555148333.3,-69.84778499669191
29560146666.7,-71.34925402179361
29565145000.0,-79.06217913033814
29570143333.3,-68.45304243228077
29575141666.7,-69.03849309702863
29580140000.0,-68.77945125236697
29585138333.3,-67.80770298045154
29590136666.7,-71.34019710225301
29595135000.0,-65.6466956037674
29600133333.3,-71.37426390200335
29605131666.7,-71.75525701007567
29610130000.0,-66.00129222493918
29615128333.3,-68.93152088112566
29620126666.7,-72.31965057446862
29625125000.0,-68.075919848978
29630123333.3,-70.72962847900337
29635121666.7,-68.16817552225808
29640120000.0,-71.77752858048706
29645118333.3,-69.766819481095
29650116666.7,-70.9846442794703
29655115000.0,-71.24301905884175
29660113333.3,-72.7022765248384
29665111666.7,-71.11246400057817
29670110000.0,-78.59651404100673
29675108333.3,-70.19064480775934
29680106666.7,-68.98961904326617
29685105000.0,-71.06405461283006
29690103333.3,-69.14816531485496
29695101666.7,-69.35560512127816
29700100000.0,-73.0400190042472
29705098333.3,-73.63086283744502
29710096666.7,-70.58492298369958
29715095000.0,-69.05239526321836
29720093333.3,-70.91717071953742
29725091666.7,-76.94540816905808
29730090000.0,-72.71311240804911
29735088333.3,-71.34743239510964
29740086666.7,-69.53987033354841
29745085000.0,-69.8853087124433
29750083333.3,-72.06128158954057
29755081666.7,-66.67797718222822
29760080000.0,-68.97287868449467
29765078333.3,-73.24014700489988
29770076666.7,-76.65381864363886
29775075000.0,-67.91114116972354
29780073333.3,-74.68438415704878
29785071666.7,-70.08716315774936
29790070000.0,-71.5369460497549
29795068333.3,-70.83825088581217
29800066666.7,-68.84493457714335
29805065000.0,-79.47676069593447
29810063333.3,-67.34968815098551
29815061666.7,-75.16113187561322
29820060000.0,-68.8207860287738
29825058333.3,-68.9557114429662
29830056666.7,-70.59258533326704
29835055000.0,-69.71278216875925
29840053333.3,-69.62629029770045
29845051666.7,-75.20988126350883
29850050000.0,-70.70246556381744
29855048333.3,-75.92372875212232
29860046666.7,-68.87725115260045
29865045000.0,-68.69889759292391
29870043333.3,-69.51256125408452
29875041666.7,-67.80876540092272
29880040000.0,-69.3508323275959
29885038333.3,-78.91767301151262
29890036666.7,-69.73056441494647
29895035000.0,-70.68909711454891
29900033333.3,-70.90900817228813
29905031666.7,-71.55954397040563
29910030000.0,-71.18352417953372
29915028333.3,-69.84746513678948
29920026666.7,-68.99305888937909
29925025000.0,-73.61037699535827
29930023333.3,-69.5245288985702
29935021666.7,-77.55941019609918
29940020000.0,-70.63284769029298
29945018333.3,-69.296003758094
29950016666.7,-70.89259835775599
29955015000.0,-69.13483894011877
29960013333.3,-71.86440197653613
29965011666.7,-71.71116172443475
29970010000.0,-76.38359404980423
29975008333.3,-66.88565115338234
29980006666.7,-75.31282413135033
29985005000.0,-70.38265477558053
29990003333.3,-70.91441118266236
29995001666.7,-78.69458448794558
30000000000.0,-68.88991482568291
