Frequency_Hz,Magnitude_dB
10000000.0,-64.64523843408585
14998333.3333,-64.60638849633182
19996666.6667,-64.9997678162421
24995000.0,-70.50114210471361
29993333.3333,-73.46339276512367
34991666.6667,-75.68999591967122
39990000.0,-68.52216813903956
44988333.3333,-67.91648582895048
49986666.6667,-76.36933378229475
54985000.0,-72.70692506664665
59983333.3333,-67.9574656324499
64981666.6667,-78.29764228044668
69980000.0,-76.27431631768528
74978333.3333,-71.74180111040033
79976666.6667,-68.82207760957391
84975000.0,-70.06712640200212
89973333.3333,-71.89186703818449
94971666.6667,-72.95823305004848
99970000.0,-71.61148952085459
104968333.333,-74.60153285365425
109966666.667,-79.8011121837887
114965000.0,-73.91428878094263
119963333.333,-77.1008146427979
124961666.667,-82.38579114264928
129960000.0,-75.75378336587815
134958333.333,-70.89680861587125
139956666.667,-76.63632837836742
144955000.0,-79.53970199739926
149953333.333,-76.7109931160916
154951666.667,-84.300231966212
159950000.0,-78.1270519871107
164948333.333,-73.79683404492616
169946666.667,-83.26183918473714
174945000.0,-94.0242435515807
179943333.333,-77.20097835114655
184941666.667,-74.63619416541825
189940000.0,-74.37123159234638
194938333.333,-75.06540109258346
199936666.667,-76.37334052393835
204935000.0,-76.12315642564646
209933333.333,-74.73466697906021
214931666.667,-73.09383793712664
219930000.0,-74.98224835937623
224928333.333,-80.76211690178263
229926666.667,-74.72936254265284
234925000.0,-73.26248107205222
239923333.333,-80.23252445772202
244921666.667,-76.10244719881509
249920000.0,-75.44713801083043
254918333.333,-71.01200349958195
259916666.667,-70.51055954090867
264915000.0,-72.13876772918101
269913333.333,-81.95129310212492
274911666.667,-71.48340582982652
279910000.0,-81.23344571892602
284908333.333,-71.74684427459201
289906666.667,-78.83005569473463
294905000.0,-76.99718867185125
299903333.333,-74.62987241852862
304901666.667,-76.81978301527285
309900000.0,-70.92582803216328
314898333.333,-75.27696224442754
319896666.667,-70.18462378565994
324895000.0,-75.03340101208968
329893333.333,-76.07683533729661
334891666.667,-71.76020934628791
339890000.0,-72.6404616950114
344888333.333,-74.20245200339427
349886666.667,-74.35934540932622
354885000.0,-72.60949263817267
359883333.333,-71.95427734358893
364881666.667,-73.12167031654572
369880000.0,-73.5802571632776
374878333.333,-70.91722763175719
379876666.667,-73.78893797620455
384875000.0,-69.29438755656346
389873333.333,-74.11078567224207
394871666.667,-71.04197145963897
399870000.0,-71.43407930550177
404868333.333,-73.09172451638848
409866666.667,-75.617653085802
414865000.0,-85.18156174636908
419863333.333,-69.81790351874336
424861666.667,-71.93344490987882
429860000.0,-74.44446288876689
434858333.333,-71.992221080823
439856666.667,-77.5762538216367
444855000.0,-75.78049465237127
449853333.333,-75.1388020128615
454851666.667,-75.17791936382021
459850000.0,-71.42466788456102
464848333.333,-72.58605244952021
469846666.667,-72.28335106584068
474845000.0,-71.88036892362564
479843333.333,-71.52792752919281
484841666.667,-68.46169752597446
489840000.0,-71.17794407252558
494838333.333,-69.30484626477589
499836666.667,-70.84232379489181
504835000.0,-70.2536266544819
509833333.333,-68.8362909249081
514831666.667,-69.84209087690874
519830000.0,-72.11103614615065
524828333.333,-74.90758393197319
529826666.667,-68.41054848034562
534825000.0,-70.85220741041762
539823333.333,-70.53022338837394
544821666.667,-71.00075525809461
549820000.0,-69.3208443700778
554818333.333,-67.62372435608273
559816666.667,-69.00413460624313
564815000.0,-68.42563864235481
569813333.333,-71.05841638143892
574811666.667,-69.55317633057646
579810000.0,-69.4229364554265
584808333.333,-70.91344035467135
589806666.667,-69.74278444341884
594805000.0,-74.97005405928763
599803333.333,-68.36519101012551
604801666.667,-71.71213766413061
609800000.0,-68.96565721266698
614798333.333,-70.22717557997885
619796666.667,-70.02011344384937
624795000.0,-71.81197409652923
629793333.333,-70.25163299502016
634791666.667,-69.6006142734001
639790000.0,-69.23987895830362
644788333.333,-70.0245385171701
649786666.667,-69.87352424123483
654785000.0,-69.27065783375377
659783333.333,-67.12802485324892
664781666.667,-71.19258570632732
669780000.0,-69.1698972612553
674778333.333,-68.75861185237929
679776666.667,-68.45108288539045
684775000.0,-69.82183643495163
689773333.333,-71.75382335816276
694771666.667,-69.52828112523855
699770000.0,-68.26009787551433
704768333.333,-71.44882477623311
709766666.667,-70.70431500941902
714765000.0,-68.82284987835742
719763333.333,-68.10503577642537
724761666.667,-68.99925117658108
729760000.0,-68.13110506580306
734758333.333,-69.30367739126042
739756666.667,-66.69252472572181
744755000.0,-68.74449026076365
749753333.333,-69.20365539702377
754751666.667,-67.28038382595267
759750000.0,-68.16261602892952
764748333.333,-69.30517596905054
769746666.667,-70.32671673099158
774745000.0,-69.236184558322
779743333.333,-68.24580000322237
784741666.667,-68.7218297111992
789740000.0,-67.96248828798979
794738333.333,-70.47302952616991
799736666.667,-69.38863598607809
804735000.0,-68.85730433378515
809733333.333,-67.90560201888879
814731666.667,-68.24958147935534
819730000.0,-67.82252610209882
824728333.333,-69.02941419176379
829726666.667,-66.82664438369143
834725000.0,-68.49788089460533
839723333.333,-68.55420117414437
844721666.667,-67.60785113918641
849720000.0,-67.85384303546121
854718333.333,-67.26468774046323
859716666.667,-68.54735870422532
864715000.0,-68.11943120973243
869713333.333,-68.96085566314827
874711666.667,-67.57764189927535
879710000.0,-67.3069848948235
884708333.333,-68.2306508498064
889706666.667,-68.0086662136769
894705000.0,-68.420737888194
899703333.333,-66.55545013749571
904701666.667,-66.93111584647366
909700000.0,-66.94291851783775
914698333.333,-67.63710704218936
919696666.667,-65.93974990466873
924695000.0,-66.53815107356795
929693333.333,-65.93282125987899
934691666.667,-66.3260573727344
939690000.0,-68.34421300745804
944688333.333,-65.79592780732551
949686666.667,-66.2294182015788
954685000.0,-66.47858211655681
959683333.333,-66.4187777260569
964681666.667,-67.1869805437606
969680000.0,-66.74796077815583
974678333.333,-66.53648002800311
979676666.667,-66.32305182082823
984675000.0,-67.93112366837532
989673333.333,-66.31051137264693
994671666.667,-66.12319540109523
999670000.0,-65.8330856806436
1004668333.33,-66.37674786499102
1009666666.67,-67.61333597428599
1014665000.0,-66.05052780865498
1019663333.33,-67.18218594924211
1024661666.67,-67.52194223512728
1029660000.0,-65.81228615913427
1034658333.33,-64.64756446995835
1039656666.67,-66.49960148186453
1044655000.0,-66.94289315338536
1049653333.33,-68.44164418264447
1054651666.67,-65.54430297652783
1059650000.0,-66.05810925654767
1064648333.33,-65.1939341727156
1069646666.67,-65.59790280712987
1074645000.0,-66.23909750088764
1079643333.33,-66.26237140273402
1084641666.67,-66.59343655144039
1089640000.0,-66.49324597638571
1094638333.33,-66.60079896478648
1099636666.67,-65.62563879558932
1104635000.0,-65.45475022252515
1109633333.33,-65.75519001833516
1114631666.67,-65.57169028348441
1119630000.0,-65.6827388284205
1124628333.33,-65.84989250778442
1129626666.67,-67.12544356098107
1134625000.0,-65.07542223903779
1139623333.33,-66.10380673567644
1144621666.67,-65.86511081490715
1149620000.0,-66.46706493834058
1154618333.33,-65.2510599349699
1159616666.67,-65.54623138900648
1164615000.0,-66.22186101233139
1169613333.33,-65.58600678083681
1174611666.67,-64.39335378397517
1179610000.0,-65.6805094430162
1184608333.33,-65.72278242926677
1189606666.67,-65.28802635084604
1194605000.0,-65.76302933195396
1199603333.33,-65.85970062749942
1204601666.67,-65.76311490674246
1209600000.0,-65.22093659353881
1214598333.33,-64.04046169820738
1219596666.67,-65.16308568641011
1224595000.0,-65.46066281121774
1229593333.33,-64.2438418073381
1234591666.67,-64.29101935541526
1239590000.0,-64.22002295551914
1244588333.33,-63.80743696590662
1249586666.67,-65.78413422490728
1254585000.0,-64.55715163485195
1259583333.33,-64.60733085619201
1264581666.67,-63.40157143119506
1269580000.0,-64.03597062585031
1274578333.33,-64.8548420572912
1279576666.67,-64.76046187457604
1284575000.0,-63.866271540996955
1289573333.33,-64.91020054275616
1294571666.67,-63.79870417667942
1299570000.0,-64.51534729657781
1304568333.33,-64.03645613157254
1309566666.67,-63.79585019497586
1314565000.0,-63.73607099440004
1319563333.33,-63.42391831187857
1324561666.67,-64.67951045277529
1329560000.0,-63.69808907538595
1334558333.33,-64.44501430911782
1339556666.67,-63.420460924626425
1344555000.0,-64.34769984028755
1349553333.33,-64.53960746766133
1354551666.67,-65.1640812628021
1359550000.0,-64.23380314636007
1364548333.33,-64.18596964510182
1369546666.67,-63.97506869874646
1374545000.0,-65.19543078798448
1379543333.33,-63.9522895654505
1384541666.67,-63.969529307370074
1389540000.0,-64.52360660845132
1394538333.33,-63.217619089940875
1399536666.67,-63.57632584425023
1404535000.0,-63.922328915527935
1409533333.33,-63.400521179527935
1414531666.67,-64.51997101323582
1419530000.0,-62.817871091229236
1424528333.33,-63.82308087610656
1429526666.67,-63.53419101575077
1434525000.0,-64.10164144708969
1439523333.33,-64.06649448732294
1444521666.67,-63.805117071091324
1449520000.0,-63.09046661256221
1454518333.33,-63.191819251269706
1459516666.67,-63.914573445838144
1464515000.0,-63.99986412980393
1469513333.33,-64.17619500595129
1474511666.67,-63.35952899533396
1479510000.0,-63.42076786456136
1484508333.33,-61.980577769827974
1489506666.67,-63.3216318695691
1494505000.0,-63.39063519080153
1499503333.33,-62.22214585370433
1504501666.67,-63.592103465343655
1509500000.0,-63.187568986738675
1514498333.33,-63.04770444317066
1519496666.67,-63.29098510644998
1524495000.0,-62.44090651022439
1529493333.33,-63.511603885026624
1534491666.67,-62.37762482608525
1539490000.0,-62.950195626495564
1544488333.33,-62.27711826914876
1549486666.67,-63.42919947800227
1554485000.0,-62.858892924508105
1559483333.33,-62.84011343978414
1564481666.67,-62.127789481559404
1569480000.0,-62.682741436622
1574478333.33,-62.128581005206904
1579476666.67,-62.06693798848531
1584475000.0,-61.6957408102392
1589473333.33,-62.18947644046824
1594471666.67,-62.59892359904288
1599470000.0,-62.95773477790057
1604468333.33,-62.45513495089669
1609466666.67,-62.569578886323846
1614465000.0,-63.04646472433173
1619463333.33,-63.396939052332826
1624461666.67,-61.86980748705931
1629460000.0,-62.33660449116542
1634458333.33,-62.22730620609972
1639456666.67,-62.442780174562
1644455000.0,-61.87944966311772
1649453333.33,-61.76134947075304
1654451666.67,-62.395017004762785
1659450000.0,-62.73957540080049
1664448333.33,-63.01291016449746
1669446666.67,-62.46502621311167
1674445000.0,-62.056625944252986
1679443333.33,-61.81428371581843
1684441666.67,-62.589540420405775
1689440000.0,-61.824898780997046
1694438333.33,-62.09278912803828
1699436666.67,-62.203495769036564
1704435000.0,-62.08174355025758
1709433333.33,-62.39203810512489
1714431666.67,-61.90394300782532
1719430000.0,-62.13855330588863
1724428333.33,-62.36796143071838
1729426666.67,-62.33558810744073
1734425000.0,-61.68105664526049
1739423333.33,-62.39994312237187
1744421666.67,-62.972905988531494
1749420000.0,-61.5324494621575
1754418333.33,-60.841729456829576
1759416666.67,-61.09768671834408
1764415000.0,-61.78899066158145
1769413333.33,-61.490748932162376
1774411666.67,-61.23631002762721
1779410000.0,-62.018456058079735
1784408333.33,-61.28080007529144
1789406666.67,-61.21668081095913
1794405000.0,-61.63189788624209
1799403333.33,-62.46315815443473
1804401666.67,-61.75520250964266
1809400000.0,-60.95586599109731
1814398333.33,-61.80842655266982
1819396666.67,-61.518118707236304
1824395000.0,-61.45664297994279
1829393333.33,-62.48024734810524
1834391666.67,-61.43292270626607
1839390000.0,-61.00958429739392
1844388333.33,-62.402669027600055
1849386666.67,-61.64653754172696
1854385000.0,-61.57044768995618
1859383333.33,-61.326740140276414
1864381666.67,-62.11396966997392
1869380000.0,-61.02324143753435
1874378333.33,-61.32358761158099
1879376666.67,-61.866086873755926
1884375000.0,-62.006324811361324
1889373333.33,-62.03515164957139
1894371666.67,-61.21638613742089
1899370000.0,-61.1951850725633
1904368333.33,-60.81670774604063
1909366666.67,-61.50868280262059
1914365000.0,-61.03481622138054
1919363333.33,-61.24791381549365
1924361666.67,-60.51279401022401
1929360000.0,-61.39888398818616
1934358333.33,-61.138455567541705
1939356666.67,-60.71181383466275
1944355000.0,-61.19693873058032
1949353333.33,-60.68810509090604
1954351666.67,-61.60063091966094
1959350000.0,-60.48548483637254
1964348333.33,-60.58345004933719
1969346666.67,-60.64303651898723
1974345000.0,-60.3710011777947
1979343333.33,-60.5180036711361
1984341666.67,-60.7950934876411
1989340000.0,-61.16330960191955
1994338333.33,-60.87275731709952
1999336666.67,-61.158186568792345
2004335000.0,-60.654957473862254
2009333333.33,-60.66039529693519
2014331666.67,-60.72422472340147
2019330000.0,-61.34331654340372
2024328333.33,-60.889209163046374
2029326666.67,-60.65798607640193
2034325000.0,-60.91293645122903
2039323333.33,-60.46395214342595
2044321666.67,-61.234316551245726
2049320000.0,-60.783853729473414
2054318333.33,-60.247879769924346
2059316666.67,-61.18473307088425
2064315000.0,-60.89185746438866
2069313333.33,-60.360741518211604
2074311666.67,-60.82581218726595
2079310000.0,-60.73697871803211
2084308333.33,-60.593232023925374
2089306666.67,-60.02200117965459
2094305000.0,-60.44280219258962
2099303333.33,-60.41201303083909
2104301666.67,-60.44220551797781
2109300000.0,-60.25683124503176
2114298333.33,-60.32562530464542
2119296666.67,-60.48653501987495
2124295000.0,-60.74685014097592
2129293333.33,-60.29797963607227
2134291666.67,-60.09206471642833
2139290000.0,-60.73310572714963
2144288333.33,-60.18872401377688
2149286666.67,-60.648982564742596
2154285000.0,-60.23939944581747
2159283333.33,-60.14521237572879
2164281666.67,-60.207784308672544
2169280000.0,-59.663733874418774
2174278333.33,-60.406162445589054
2179276666.67,-59.708348645723035
2184275000.0,-60.87526285589138
2189273333.33,-59.677912281034715
2194271666.67,-60.5245315652534
2199270000.0,-60.063468917738845
2204268333.33,-59.82303995132632
2209266666.67,-59.39437771457108
2214265000.0,-59.60000646803496
2219263333.33,-59.887353518448165
2224261666.67,-59.941291222112206
2229260000.0,-60.08700548681833
2234258333.33,-60.102948907580014
2239256666.67,-59.70453796535817
2244255000.0,-59.62933641769933
2249253333.33,-59.70184775643361
2254251666.67,-59.82146823712003
2259250000.0,-59.916330575733795
2264248333.33,-59.71537343549879
2269246666.67,-59.20303471933454
2274245000.0,-59.42693695435552
2279243333.33,-59.654002301970586
2284241666.67,-59.75935947435133
2289240000.0,-59.688329014428305
2294238333.33,-59.363893052034705
2299236666.67,-59.72394019922672
2304235000.0,-59.45221904434408
2309233333.33,-59.98487302564973
2314231666.67,-59.391832397929136
2319230000.0,-59.757498464824806
2324228333.33,-59.49881901865112
2329226666.67,-59.17144482596229
2334225000.0,-59.76667320111106
2339223333.33,-59.53578504717346
2344221666.67,-59.36703687621616
2349220000.0,-59.173001427114585
2354218333.33,-60.19803841972886
2359216666.67,-58.94476922284185
2364215000.0,-59.518058862979984
2369213333.33,-59.625384040873556
2374211666.67,-59.18091490178707
2379210000.0,-59.52748922370941
2384208333.33,-59.191734871983385
2389206666.67,-59.13926515940744
2394205000.0,-59.12137641265283
2399203333.33,-59.264455835739874
2404201666.67,-58.981101702359524
2409200000.0,-59.05875823408921
2414198333.33,-58.72322763974572
2419196666.67,-58.878212642539374
2424195000.0,-59.006812131509946
2429193333.33,-58.96155537880845
2434191666.67,-59.292317911512924
2439190000.0,-58.57592159566161
2444188333.33,-58.56634205841566
2449186666.67,-58.25300529503274
2454185000.0,-58.1655345550178
2459183333.33,-58.46698825407836
2464181666.67,-58.120933788583585
2469180000.0,-58.88852793842291
2474178333.33,-58.509823524792814
2479176666.67,-57.95526499278246
2484175000.0,-58.7852640804197
2489173333.33,-58.924917653599024
2494171666.67,-58.01202791994028
2499170000.0,-58.712064985133814
2504168333.33,-58.518576958862255
2509166666.67,-58.09395400688138
2514165000.0,-58.34241752650791
2519163333.33,-58.3081305919588
2524161666.67,-58.68645617370261
2529160000.0,-58.94908717978994
2534158333.33,-58.3743110990451
2539156666.67,-58.16399093832143
2544155000.0,-57.80127319150705
2549153333.33,-58.22960714243146
2554151666.67,-57.887832417150065
2559150000.0,-58.16087918511044
2564148333.33,-57.90795281396
2569146666.67,-58.45708285595633
2574145000.0,-58.150809354424865
2579143333.33,-57.919410531913684
2584141666.67,-58.09018737177184
2589140000.0,-58.265797401076334
2594138333.33,-58.41690043243729
2599136666.67,-58.42651966791297
2604135000.0,-57.94652894241715
2609133333.33,-58.15278685336183
2614131666.67,-58.363715700036195
2619130000.0,-58.06795264784577
2624128333.33,-58.04476153861765
2629126666.67,-57.80715635669936
2634125000.0,-58.0365767334851
2639123333.33,-57.69537356617051
2644121666.67,-57.861513049573574
2649120000.0,-57.88253110839544
2654118333.33,-58.21100508077724
2659116666.67,-57.920108789775625
2664115000.0,-57.905777383165955
2669113333.33,-58.25521154120538
2674111666.67,-58.17595177346693
2679110000.0,-58.05091411978246
2684108333.33,-57.8235357118439
2689106666.67,-57.55910819883856
2694105000.0,-57.863953331838815
2699103333.33,-58.044061523889084
2704101666.67,-57.56304638676948
2709100000.0,-57.970003438854825
2714098333.33,-57.9317996970154
2719096666.67,-57.72977096790625
2724095000.0,-57.72675200866268
2729093333.33,-57.687184146588976
2734091666.67,-57.55626549204376
2739090000.0,-57.19646637785886
2744088333.33,-57.62136698560717
2749086666.67,-57.44783478109777
2754085000.0,-57.55619550945438
2759083333.33,-57.433788292347984
2764081666.67,-57.21135394642091
2769080000.0,-57.10247992333975
2774078333.33,-57.552183877918914
2779076666.67,-57.400143747542955
2784075000.0,-57.40604282874916
2789073333.33,-57.27018245269715
2794071666.67,-57.2967352942542
2799070000.0,-57.22019775173106
2804068333.33,-57.26992763619863
2809066666.67,-57.35262205136233
2814065000.0,-57.34513889035399
2819063333.33,-56.91674932128254
2824061666.67,-57.094610987211816
2829060000.0,-56.698261718214084
2834058333.33,-56.541063976399116
2839056666.67,-57.112421674809994
2844055000.0,-56.86311887628527
2849053333.33,-57.41021535383609
2854051666.67,-57.00589573371816
2859050000.0,-57.0451702063734
2864048333.33,-57.018194113866045
2869046666.67,-57.06111166638004
2874045000.0,-57.08242834033517
2879043333.33,-57.055040694426424
2884041666.67,-56.77569250542392
2889040000.0,-56.648642451167326
2894038333.33,-56.92246103019925
2899036666.67,-56.62899667850931
2904035000.0,-57.288907941763505
2909033333.33,-56.75622570171634
2914031666.67,-56.71996493454635
2919030000.0,-56.754902191793555
2924028333.33,-57.12587014205621
2929026666.67,-57.02584484903096
2934025000.0,-57.00392447106351
2939023333.33,-57.133532714215114
2944021666.67,-57.09424299114766
2949020000.0,-56.387572727416575
2954018333.33,-56.59674810816013
2959016666.67,-57.09179474249516
2964015000.0,-56.51046652159544
2969013333.33,-56.833962609374176
2974011666.67,-56.96935510808261
2979010000.0,-56.89496660499444
2984008333.33,-57.04345802167211
2989006666.67,-56.843921810240275
2994005000.0,-56.51306348664885
2999003333.33,-56.5861821998231
3004001666.67,-56.25710125325635
3009000000.0,-56.44154277263758
3013998333.33,-56.89467940753906
3018996666.67,-56.56420996553369
3023995000.0,-56.42329474250009
3028993333.33,-56.476768381230436
3033991666.67,-56.54738301705241
3038990000.0,-56.45673462961439
3043988333.33,-56.22708509761935
3048986666.67,-56.40337432980053
3053985000.0,-56.54541938901379
3058983333.33,-56.43453414040003
3063981666.67,-56.42087533385783
3068980000.0,-56.718476347310904
3073978333.33,-56.262947965078844
3078976666.67,-56.347672308820655
3083975000.0,-56.134456704060945
3088973333.33,-56.497212945195336
3093971666.67,-56.2892404358901
3098970000.0,-56.610262322632295
3103968333.33,-56.08707900983691
3108966666.67,-56.58163887338596
3113965000.0,-56.228723781534526
3118963333.33,-55.840333685969114
3123961666.67,-56.090151901496135
3128960000.0,-55.79335934675627
3133958333.33,-55.67041789984481
3138956666.67,-55.817259056769224
3143955000.0,-55.717899504719455
3148953333.33,-55.861767799005875
3153951666.67,-55.81749238121145
3158950000.0,-56.10111640517867
3163948333.33,-55.51424654490252
3168946666.67,-55.789648744063214
3173945000.0,-56.020179088574935
3178943333.33,-55.95992299680631
3183941666.67,-55.73134108499312
3188940000.0,-55.82428251161703
3193938333.33,-55.90013896544954
3198936666.67,-56.088604759999576
3203935000.0,-55.53622856877017
3208933333.33,-55.778179676640804
3213931666.67,-55.64400789230121
3218930000.0,-55.63063220456541
3223928333.33,-55.718640717798145
3228926666.67,-55.428241596296886
3233925000.0,-56.058141500813804
3238923333.33,-55.75854342733479
3243921666.67,-55.70129626233552
3248920000.0,-55.693022226445166
3253918333.33,-55.691165883972474
3258916666.67,-56.0085809364768
3263915000.0,-55.902934692361185
3268913333.33,-55.960280124067374
3273911666.67,-55.77831859032799
3278910000.0,-55.76470273177924
3283908333.33,-55.75306225096409
3288906666.67,-55.31313475449583
3293905000.0,-55.583380435022775
3298903333.33,-55.48173056942164
3303901666.67,-55.337322282983756
3308900000.0,-55.2065541896686
3313898333.33,-55.401942825220885
3318896666.67,-55.277576895054366
3323895000.0,-55.56263902790347
3328893333.33,-54.95402279288591
3333891666.67,-55.506956854650646
3338890000.0,-55.53968523752459
3343888333.33,-55.46674501030061
3348886666.67,-55.138404436150324
3353885000.0,-55.464448397619215
3358883333.33,-55.09704375863505
3363881666.67,-55.333812998150776
3368880000.0,-55.194789619690845
3373878333.33,-55.13317609533576
3378876666.67,-55.16122554544077
3383875000.0,-55.034783391818756
3388873333.33,-54.88446170617912
3393871666.67,-55.017775988361066
3398870000.0,-54.996463961404196
3403868333.33,-55.176301219453705
3408866666.67,-55.179780021922504
3413865000.0,-55.081014473967855
3418863333.33,-54.996672637953154
3423861666.67,-55.2463646353986
3428860000.0,-55.155761392484195
3433858333.33,-55.27884477274704
3438856666.67,-55.115300720292
3443855000.0,-55.64166337091454
3448853333.33,-55.052247695580405
3453851666.67,-55.233532539052106
3458850000.0,-55.092282669206725
3463848333.33,-54.83148339806216
3468846666.67,-55.011847612779725
3473845000.0,-54.69855224739703
3478843333.33,-54.875624910987284
3483841666.67,-54.88132053101037
3488840000.0,-54.621826444798245
3493838333.33,-54.61204989563828
3498836666.67,-54.71577626070846
3503835000.0,-55.06424829109842
3508833333.33,-55.09233082841114
3513831666.67,-54.59025007126886
3518830000.0,-54.62734238971908
3523828333.33,-54.687397922782864
3528826666.67,-54.960559615967675
3533825000.0,-54.72577488498644
3538823333.33,-55.07822234324807
3543821666.67,-54.678563183484876
3548820000.0,-54.54604957436551
3553818333.33,-54.598020327735995
3558816666.67,-54.63496459419022
3563815000.0,-54.547325976499614
3568813333.33,-54.35865115235299
3573811666.67,-54.31132827663642
3578810000.0,-54.309057121095854
3583808333.33,-54.40268773052327
3588806666.67,-54.63282483832002
3593805000.0,-54.25549368939564
3598803333.33,-54.41858264255523
3603801666.67,-54.31417404501211
3608800000.0,-54.26958441097716
3613798333.33,-54.17649373037687
3618796666.67,-54.22594169916501
3623795000.0,-53.84978581155026
3628793333.33,-54.5815023287757
3633791666.67,-54.06879153340343
3638790000.0,-53.98040178746016
3643788333.33,-54.39368635567857
3648786666.67,-54.10947899581029
3653785000.0,-53.9751040792574
3658783333.33,-54.165824998346636
3663781666.67,-54.27867145404656
3668780000.0,-54.076489145625146
3673778333.33,-54.25818667366934
3678776666.67,-54.22948059466908
3683775000.0,-54.28727748831803
3688773333.33,-54.648283011581725
3693771666.67,-54.57192078967967
3698770000.0,-54.57855895760584
3703768333.33,-54.58755122822638
3708766666.67,-54.33280070360975
3713765000.0,-54.51118112512283
3718763333.33,-54.98783516047884
3723761666.67,-54.74459223843191
3728760000.0,-54.564027651501206
3733758333.33,-54.87518541995112
3738756666.67,-54.3643573644247
3743755000.0,-54.44861188091814
3748753333.33,-54.57396016687784
3753751666.67,-54.62818971574262
3758750000.0,-54.26248198273774
3763748333.33,-54.440267579049376
3768746666.67,-54.34625206809094
3773745000.0,-54.06568492774242
3778743333.33,-54.495709569217084
3783741666.67,-54.506149193152886
3788740000.0,-54.14614422759267
3793738333.33,-54.382208824236294
3798736666.67,-54.32564328260709
3803735000.0,-54.22254358986152
3808733333.33,-54.151714193867534
3813731666.67,-54.18272036804096
3818730000.0,-54.028801820491275
3823728333.33,-54.06958374497353
3828726666.67,-54.03777547810294
3833725000.0,-54.20066149395119
3838723333.33,-53.57343281971416
3843721666.67,-53.771633398930334
3848720000.0,-53.8877198714632
3853718333.33,-53.46559165590695
3858716666.67,-53.56444107871083
3863715000.0,-53.49392545824253
3868713333.33,-53.91472702029225
3873711666.67,-53.38634458428021
3878710000.0,-53.57499301051443
3883708333.33,-53.3597448114178
3888706666.67,-53.39013129051107
3893705000.0,-53.57881128292231
3898703333.33,-53.52246981444707
3903701666.67,-53.401286714615495
3908700000.0,-53.54180893055576
3913698333.33,-53.21338116527309
3918696666.67,-53.34836969625918
3923695000.0,-53.34800396429985
3928693333.33,-53.44503476797371
3933691666.67,-53.44814103717711
3938690000.0,-53.50144443720378
3943688333.33,-53.46981538003541
3948686666.67,-53.62183705522246
3953685000.0,-53.56104865524583
3958683333.33,-53.80481290834751
3963681666.67,-53.403304873760746
3968680000.0,-53.34962864730588
3973678333.33,-53.55340333185894
3978676666.67,-53.60199795569309
3983675000.0,-53.85802087480205
3988673333.33,-53.6206211914017
3993671666.67,-53.65959393473443
3998670000.0,-53.95815232206975
4003668333.33,-53.84581802405516
4008666666.67,-53.75454731169277
4013665000.0,-54.00825142305705
4018663333.33,-54.06798128741936
4023661666.67,-54.03171524710569
4028660000.0,-53.98503678380307
4033658333.33,-53.76730888210221
4038656666.67,-53.626231967605094
4043655000.0,-53.835260741524834
4048653333.33,-54.13946405098491
4053651666.67,-53.94841959496954
4058650000.0,-53.39731716862527
4063648333.33,-53.51191315801504
4068646666.67,-53.61898706199853
4073645000.0,-53.320513742726746
4078643333.33,-53.03658957513218
4083641666.67,-52.92122135065278
4088640000.0,-53.107077889087336
4093638333.33,-53.151477964904394
4098636666.67,-52.88217537902607
4103635000.0,-52.909279495242735
4108633333.33,-52.863630550663544
4113631666.67,-52.73245383292903
4118630000.0,-52.96028840228366
4123628333.33,-52.847142325783445
4128626666.67,-52.99176531958287
4133625000.0,-52.706552664271896
4138623333.33,-52.861344325473176
4143621666.67,-52.56788002211728
4148620000.0,-52.73386689106217
4153618333.33,-52.73752910412544
4158616666.67,-52.27327020708578
4163615000.0,-52.511910381386315
4168613333.33,-52.35123299841313
4173611666.67,-52.47529637613954
4178610000.0,-52.05322477029782
4183608333.33,-52.124786576593856
4188606666.67,-52.28289631373418
4193605000.0,-52.23107767448468
4198603333.33,-52.20147752257171
4203601666.67,-52.377514763708305
4208600000.0,-52.35879305669889
4213598333.33,-52.19511953122257
4218596666.67,-52.48134512696991
4223595000.0,-52.40814230381102
4228593333.33,-52.309019009758245
4233591666.67,-52.477026489634405
4238590000.0,-52.463587252534396
4243588333.33,-52.580491502503826
4248586666.67,-52.36053756405505
4253585000.0,-52.299803776216436
4258583333.33,-52.24251288796946
4263581666.67,-52.066739387213126
4268580000.0,-52.24642547167733
4273578333.33,-52.24831873980559
4278576666.67,-52.35586560315301
4283575000.0,-52.31412087259136
4288573333.33,-52.26288714848437
4293571666.67,-52.09443006910337
4298570000.0,-51.99200951856612
4303568333.33,-52.18002427740912
4308566666.67,-52.210629638182326
4313565000.0,-52.202778394186566
4318563333.33,-52.04458324860565
4323561666.67,-52.04602087889939
4328560000.0,-52.0994571274518
4333558333.33,-52.21367393159154
4338556666.67,-51.86791994963333
4343555000.0,-51.92589613489894
4348553333.33,-51.717872483495455
4353551666.67,-51.765509617242756
4358550000.0,-51.7431850604856
4363548333.33,-51.63261057368612
4368546666.67,-51.80858722839744
4373545000.0,-51.71774753163532
4378543333.33,-51.63430286803557
4383541666.67,-51.777843265792185
4388540000.0,-51.61374705000639
4393538333.33,-51.620101509722794
4398536666.67,-51.492480987452396
4403535000.0,-51.38922104541963
4408533333.33,-51.504607489808606
4413531666.67,-51.4585855936658
4418530000.0,-51.30030666339142
4423528333.33,-51.38844330633131
4428526666.67,-51.193757804496315
4433525000.0,-51.234363669029996
4438523333.33,-51.24827086057941
4443521666.67,-51.27080581409054
4448520000.0,-51.11505863700014
4453518333.33,-51.29065797229606
4458516666.67,-51.37402495628723
4463515000.0,-51.07191270343664
4468513333.33,-51.38853696714588
4473511666.67,-51.19263770430212
4478510000.0,-51.3244855433404
4483508333.33,-51.08435224339864
4488506666.67,-51.24800299911091
4493505000.0,-50.98603352979183
4498503333.33,-50.96747591392458
4503501666.67,-50.845519742867744
4508500000.0,-50.93597809683242
4513498333.33,-50.922342515646136
4518496666.67,-50.88460478630338
4523495000.0,-50.77863507809156
4528493333.33,-50.83476224706595
4533491666.67,-50.894197144869615
4538490000.0,-50.70527766621508
4543488333.33,-50.844181937707106
4548486666.67,-50.77118821935079
4553485000.0,-50.91623364639139
4558483333.33,-50.77645664963419
4563481666.67,-50.94800470571245
4568480000.0,-50.91101347256169
4573478333.33,-50.76950220524144
4578476666.67,-50.720174272130755
4583475000.0,-50.70840974219921
4588473333.33,-50.48205180956741
4593471666.67,-50.591048942633385
4598470000.0,-50.52870503825222
4603468333.33,-50.384859974857676
4608466666.67,-50.42440264175195
4613465000.0,-50.26297674797428
4618463333.33,-50.39625407143304
4623461666.67,-50.28623338755076
4628460000.0,-50.242875224247506
4633458333.33,-50.19683625636396
4638456666.67,-50.27621640209767
4643455000.0,-50.428262981086604
4648453333.33,-50.30693783847563
4653451666.67,-50.38102164558407
4658450000.0,-50.2639401572126
4663448333.33,-50.33636126093545
4668446666.67,-50.368735631028756
4673445000.0,-50.21733690816512
4678443333.33,-50.17629575923198
4683441666.67,-50.14150419686835
4688440000.0,-50.212020697893045
4693438333.33,-50.02946148768389
4698436666.67,-50.09274424927576
4703435000.0,-50.122440584441875
4708433333.33,-50.111990117410954
4713431666.67,-50.069406329068386
4718430000.0,-50.175285590110754
4723428333.33,-49.90307687454168
4728426666.67,-50.10872098585673
4733425000.0,-49.96828394178315
4738423333.33,-50.01189998437453
4743421666.67,-49.99870536969479
4748420000.0,-50.05571646501534
4753418333.33,-49.99453910275902
4758416666.67,-50.011601158858845
4763415000.0,-49.935021091710745
4768413333.33,-49.84590672746481
4773411666.67,-49.64169434118753
4778410000.0,-49.73487450386047
4783408333.33,-49.548444584167804
4788406666.67,-49.53336539253143
4793405000.0,-49.50647553703715
4798403333.33,-49.45531218456086
4803401666.67,-49.45659176589872
4808400000.0,-49.3573477319467
4813398333.33,-49.36428839390881
4818396666.67,-49.1403803830235
4823395000.0,-49.26718857038409
4828393333.33,-49.295405111765405
4833391666.67,-49.22157033157135
4838390000.0,-49.37205566431721
4843388333.33,-49.094301917529506
4848386666.67,-49.17545537966005
4853385000.0,-49.23917273400151
4858383333.33,-49.03524904277692
4863381666.67,-49.13247892432395
4868380000.0,-48.95732941461012
4873378333.33,-49.018724517629686
4878376666.67,-49.00858671510851
4883375000.0,-48.94468552491901
4888373333.33,-48.93509742681029
4893371666.67,-48.86435614701629
4898370000.0,-48.94161085020161
4903368333.33,-48.877902243335285
4908366666.67,-48.73404036832886
4913365000.0,-48.73969264151945
4918363333.33,-48.74909546764064
4923361666.67,-48.66968351772296
4928360000.0,-48.53827587405181
4933358333.33,-48.528419571370556
4938356666.67,-48.670175501947
4943355000.0,-48.52371848829539
4948353333.33,-48.523989116116
4953351666.67,-48.44455153416102
4958350000.0,-48.530119243663705
4963348333.33,-48.5401808206047
4968346666.67,-48.47256400115843
4973345000.0,-48.60002885954981
4978343333.33,-48.368579953499086
4983341666.67,-48.413615300579586
4988340000.0,-48.432667825288505
4993338333.33,-48.415611754690445
4998336666.67,-48.43838493859501
5003335000.0,-48.24931111141154
5008333333.33,-48.25870838820859
5013331666.67,-48.21541632034743
5018330000.0,-48.14329450745969
5023328333.33,-48.08733270684045
5028326666.67,-47.89690999512335
5033325000.0,-47.72133631665535
5038323333.33,-47.92783692401996
5043321666.67,-47.951187371670684
5048320000.0,-47.842997994405316
5053318333.33,-47.81308533868347
5058316666.67,-47.82671778216846
5063315000.0,-47.79994308955577
5068313333.33,-47.86042138384174
5073311666.67,-47.94654152542665
5078310000.0,-47.7933710184914
5083308333.33,-47.82818742468832
5088306666.67,-47.69216980741593
5093305000.0,-47.71073887759522
5098303333.33,-47.665828625318326
5103301666.67,-47.52302518098955
5108300000.0,-47.54047329387443
5113298333.33,-47.352946745821924
5118296666.67,-47.47218778060011
5123295000.0,-47.29963673417693
5128293333.33,-47.244337710249944
5133291666.67,-47.31923579276091
5138290000.0,-47.21016416663203
5143288333.33,-47.43787939905551
5148286666.67,-47.312845499957334
5153285000.0,-47.36210391624081
5158283333.33,-47.34265698549087
5163281666.67,-47.17381768713858
5168280000.0,-47.37188428652921
5173278333.33,-47.293657953724455
5178276666.67,-47.344793732903256
5183275000.0,-47.28817070932198
5188273333.33,-47.12682496591662
5193271666.67,-47.15431333982202
5198270000.0,-47.05547299456073
5203268333.33,-46.87156723697869
5208266666.67,-46.870704978782044
5213265000.0,-46.8421855384122
5218263333.33,-46.76402508421759
5223261666.67,-46.811090671898356
5228260000.0,-46.86982696152085
5233258333.33,-46.864619057443456
5238256666.67,-46.754176129516686
5243255000.0,-46.77981295943007
5248253333.33,-46.714158118289475
5253251666.67,-46.76225338702811
5258250000.0,-46.75015254907376
5263248333.33,-46.77883049636748
5268246666.67,-46.75862942823996
5273245000.0,-46.523987183950275
5278243333.33,-46.511685363419566
5283241666.67,-46.4672577373852
5288240000.0,-46.355154599308115
5293238333.33,-46.29364662080309
5298236666.67,-46.16784356397425
5303235000.0,-46.31242707131275
5308233333.33,-46.252132768660694
5313231666.67,-46.15947561946625
5318230000.0,-46.28711197146541
5323228333.33,-46.18514675420242
5328226666.67,-46.220810227373015
5333225000.0,-46.15492544786654
5338223333.33,-46.1857557858786
5343221666.67,-46.22707822222423
5348220000.0,-46.14619487893674
5353218333.33,-46.11126027521995
5358216666.67,-46.0414809284851
5363215000.0,-46.057039186623705
5368213333.33,-45.973924037105185
5373211666.67,-45.86368320311507
5378210000.0,-45.97909999022004
5383208333.33,-45.85881880980362
5388206666.67,-45.856446665914135
5393205000.0,-45.85052345485751
5398203333.33,-45.8068087312137
5403201666.67,-45.90562160718782
5408200000.0,-45.86828920861663
5413198333.33,-45.90440150198845
5418196666.67,-45.868037215637074
5423195000.0,-45.88877077860253
5428193333.33,-45.85042449299027
5433191666.67,-45.8295018550307
5438190000.0,-45.845506714943966
5443188333.33,-45.78327921699254
5448186666.67,-45.832478874102534
5453185000.0,-45.64683218081761
5458183333.33,-45.55605677536604
5463181666.67,-45.656529982170824
5468180000.0,-45.39022752362136
5473178333.33,-45.52547734882536
5478176666.67,-45.31535358727214
5483175000.0,-45.388093397318144
5488173333.33,-45.29199996664065
5493171666.67,-45.410015104306424
5498170000.0,-45.41052059254056
5503168333.33,-45.287619892126614
5508166666.67,-45.19570778760449
5513165000.0,-45.28948363850322
5518163333.33,-45.199212320147375
5523161666.67,-45.22159875736692
5528160000.0,-45.046478082479894
5533158333.33,-44.89032319931924
5538156666.67,-44.889167250224205
5543155000.0,-44.708791685734674
5548153333.33,-44.727903939624184
5553151666.67,-44.6767760689843
5558150000.0,-44.66374835881054
5563148333.33,-44.670944852766425
5568146666.67,-44.512805100786025
5573145000.0,-44.52053896939183
5578143333.33,-44.55505783119767
5583141666.67,-44.558705403446346
5588140000.0,-44.63351286065917
5593138333.33,-44.55915037206844
5598136666.67,-44.555567075298015
5603135000.0,-44.58621393902149
5608133333.33,-44.5882650642065
5613131666.67,-44.56223230985334
5618130000.0,-44.56606023865022
5623128333.33,-44.56269359098255
5628126666.67,-44.524481591068074
5633125000.0,-44.371125658566996
5638123333.33,-44.389795386267046
5643121666.67,-44.33824124264334
5648120000.0,-44.285215439673074
5653118333.33,-44.19852306034437
5658116666.67,-44.314685052178994
5663115000.0,-44.278900395397045
5668113333.33,-44.19894760757619
5673111666.67,-44.32386288102321
5678110000.0,-44.20420911062665
5683108333.33,-44.17364954851803
5688106666.67,-44.09085103444498
5693105000.0,-43.987901784644095
5698103333.33,-43.98641542327378
5703101666.67,-44.0369449785358
5708100000.0,-43.90590266527327
5713098333.33,-43.812561935241035
5718096666.67,-43.76201747078742
5723095000.0,-43.58778311295524
5728093333.33,-43.5406765251541
5733091666.67,-43.44247300647443
5738090000.0,-43.3965640677239
5743088333.33,-43.40283309607131
5748086666.67,-43.284487949137116
5753085000.0,-43.22692044548638
5758083333.33,-43.13068767345797
5763081666.67,-43.0710516060605
5768080000.0,-43.058721917389704
5773078333.33,-43.040123533942804
5778076666.67,-42.9725241606595
5783075000.0,-42.928347731742406
5788073333.33,-42.91239591811787
5793071666.67,-42.791483528428685
5798070000.0,-42.7111226062221
5803068333.33,-42.7401986713555
5808066666.67,-42.76044816248551
5813065000.0,-42.61846106562948
5818063333.33,-42.72221101450608
5823061666.67,-42.64833862023714
5828060000.0,-42.62830242641576
5833058333.33,-42.62527630040768
5838056666.67,-42.51740229104343
5843055000.0,-42.66103189485764
5848053333.33,-42.59092248526453
5853051666.67,-42.62135247542814
5858050000.0,-42.561688386293014
5863048333.33,-42.4301090554006
5868046666.67,-42.413060400051265
5873045000.0,-42.3336235520631
5878043333.33,-42.30105833327376
5883041666.67,-42.2664732853622
5888040000.0,-42.10571710511551
5893038333.33,-42.01918699842702
5898036666.67,-42.064506656384104
5903035000.0,-42.10276947012288
5908033333.33,-42.00214958432454
5913031666.67,-42.04033710139431
5918030000.0,-41.98560972689571
5923028333.33,-41.88098550174203
5928026666.67,-42.0096713149598
5933025000.0,-41.92417520314607
5938023333.33,-41.82636844102208
5943021666.67,-41.786723833070326
5948020000.0,-41.67288498422809
5953018333.33,-41.61947340099302
5958016666.67,-41.663529482355344
5963015000.0,-41.46225271761477
5968013333.33,-41.37622349079904
5973011666.67,-41.28705928280341
5978010000.0,-41.24209263833289
5983008333.33,-41.12680190624499
5988006666.67,-41.12877868469677
5993005000.0,-41.0453264823236
5998003333.33,-40.992578378857644
6003001666.67,-41.084903343860624
6008000000.0,-41.03661085477746
6012998333.33,-41.00797167149995
6017996666.67,-40.913491899177394
6022995000.0,-40.725924903701554
6027993333.33,-40.72440016754793
6032991666.67,-40.61610066374396
6037990000.0,-40.43125016401373
6042988333.33,-40.458271578120424
6047986666.67,-40.27239423711768
6052985000.0,-40.23119469937156
6057983333.33,-40.062784078300496
6062981666.67,-40.01488967588568
6067980000.0,-39.92528646882999
6072978333.33,-39.91663660110541
6077976666.67,-39.86061173941615
6082975000.0,-39.85025483361116
6087973333.33,-39.87345537662551
6092971666.67,-39.824826771818394
6097970000.0,-39.87187919166736
6102968333.33,-39.86025390729991
6107966666.67,-39.8108229266779
6112965000.0,-39.92896586359858
6117963333.33,-39.78492399212426
6122961666.67,-39.75330418590609
6127960000.0,-39.74117089500639
6132958333.33,-39.6070244801759
6137956666.67,-39.63518614108523
6142955000.0,-39.528411409071474
6147953333.33,-39.54256114357657
6152951666.67,-39.399830489067845
6157950000.0,-39.45068795090202
6162948333.33,-39.34349122444189
6167946666.67,-39.3239433401134
6172945000.0,-39.33593472917698
6177943333.33,-39.272877541718174
6182941666.67,-39.24231051878192
6187940000.0,-39.19529537915486
6192938333.33,-39.16390057999322
6197936666.67,-39.140952519630794
6202935000.0,-39.01582310875821
6207933333.33,-38.95113755754228
6212931666.67,-38.808406732693854
6217930000.0,-38.6882215867936
6222928333.33,-38.586256057642345
6227926666.67,-38.39003520589146
6232925000.0,-38.31871490651204
6237923333.33,-38.19347701240333
6242921666.67,-38.127325231284075
6247920000.0,-38.06193154042903
6252918333.33,-38.00025899957535
6257916666.67,-37.94418362584482
6262915000.0,-37.86181566887808
6267913333.33,-37.84874360202297
6272911666.67,-37.85722017023414
6277910000.0,-37.814217331252166
6282908333.33,-37.81540604867058
6287906666.67,-37.745846096644385
6292905000.0,-37.71688129271328
6297903333.33,-37.67179414208768
6302901666.67,-37.59442410388861
6307900000.0,-37.5304828032122
6312898333.33,-37.43515271409439
6317896666.67,-37.43437078213936
6322895000.0,-37.32995446696489
6327893333.33,-37.316210016697234
6332891666.67,-37.25478414755179
6337890000.0,-37.28396482270614
6342888333.33,-37.16040937528977
6347886666.67,-37.17749273882646
6352885000.0,-37.14872371529925
6357883333.33,-37.081683499713606
6362881666.67,-37.057043010658084
6367880000.0,-37.08025134951742
6372878333.33,-36.93059424565804
6377876666.67,-36.88566415735861
6382875000.0,-36.79397245074037
6387873333.33,-36.66252449798058
6392871666.67,-36.58621715295793
6397870000.0,-36.46008015390576
6402868333.33,-36.31044426477245
6407866666.67,-36.23366780918703
6412865000.0,-36.14607251202533
6417863333.33,-36.098872424908066
6422861666.67,-36.044558844358555
6427860000.0,-35.942432248387085
6432858333.33,-35.9408173160989
6437856666.67,-35.872765153625906
6442855000.0,-35.857998317587395
6447853333.33,-35.772812316849176
6452851666.67,-35.790462067150855
6457850000.0,-35.6390354737118
6462848333.33,-35.64026193871057
6467846666.67,-35.57835706951189
6472845000.0,-35.473808303880936
6477843333.33,-35.48062712655537
6482841666.67,-35.29893396887611
6487840000.0,-35.223570703838746
6492838333.33,-35.22168749888962
6497836666.67,-35.18794975264219
6502835000.0,-35.09836104896953
6507833333.33,-35.15003882135388
6512831666.67,-35.07461487587711
6517830000.0,-35.14448167419435
6522828333.33,-35.09547176899113
6527826666.67,-35.1230036138269
6532825000.0,-35.06678995749823
6537823333.33,-35.09320187792123
6542821666.67,-35.041584925205996
6547820000.0,-34.955404728734635
6552818333.33,-34.96316444438421
6557816666.67,-34.850398270207926
6562815000.0,-34.82391440052527
6567813333.33,-34.73113887135235
6572811666.67,-34.65334669788422
6577810000.0,-34.649306041657084
6582808333.33,-34.54117088165877
6587806666.67,-34.5056539726297
6592805000.0,-34.504934978419044
6597803333.33,-34.45000599288609
6602801666.67,-34.501791658061535
6607800000.0,-34.49648218354617
6612798333.33,-34.534039078798614
6617796666.67,-34.46307832354822
6622795000.0,-34.49810172772039
6627793333.33,-34.44355439074951
6632791666.67,-34.39021917002897
6637790000.0,-34.36030268120066
6642788333.33,-34.30934221150928
6647786666.67,-34.212616128477094
6652785000.0,-34.172184342943424
6657783333.33,-34.12603541221234
6662781666.67,-34.0821159059287
6667780000.0,-34.02908654437291
6672778333.33,-34.007311173637426
6677776666.67,-34.01956443151899
6682775000.0,-33.99084276461618
6687773333.33,-34.04869654451556
6692771666.67,-34.033986505504465
6697770000.0,-34.06889476457832
6702768333.33,-34.10041174445408
6707766666.67,-34.11269824845023
6712765000.0,-34.105242848804906
6717763333.33,-34.07666492904027
6722761666.67,-34.06762914481588
6727760000.0,-34.025276326858844
6732758333.33,-33.94399943152141
6737756666.67,-33.984826791012296
6742755000.0,-33.90116271628373
6747753333.33,-33.93085897635747
6752751666.67,-33.91335618517275
6757750000.0,-33.8989043407154
6762748333.33,-33.94998246612519
6767746666.67,-33.9611458984694
6772745000.0,-33.99748833785359
6777743333.33,-34.06499951402964
6782741666.67,-34.17051201838841
6787740000.0,-34.23326248327944
6792738333.33,-34.23655951153379
6797736666.67,-34.28992749044057
6802735000.0,-34.334558955233106
6807733333.33,-34.35808774086994
6812731666.67,-34.37187328781667
6817730000.0,-34.36060043913396
6822728333.33,-34.40968685803278
6827726666.67,-34.41048113209929
6832725000.0,-34.47553866897052
6837723333.33,-34.527121873203185
6842721666.67,-34.58565533171891
6847720000.0,-34.72893738241354
6852718333.33,-34.78702107183299
6857716666.67,-34.91106056969015
6862715000.0,-34.988275288002754
6867713333.33,-35.06936045540623
6872711666.67,-35.178297202072635
6877710000.0,-35.19819379653705
6882708333.33,-35.30053310442681
6887706666.67,-35.237615931159745
6892705000.0,-35.23569418099706
6897703333.33,-35.24357699489541
6902701666.67,-35.22065827496953
6907700000.0,-35.16967534715417
6912698333.33,-35.10617254632506
6917696666.67,-35.0596267187531
6922695000.0,-35.05398836350784
6927693333.33,-35.04295626709183
6932691666.67,-35.07498408683842
6937690000.0,-35.17519763273172
6942688333.33,-35.20037469780473
6947686666.67,-35.31165895109702
6952685000.0,-35.384040424037416
6957683333.33,-35.423884131468306
6962681666.67,-35.5092166846912
6967680000.0,-35.605162568179445
6972678333.33,-35.588529616649815
6977676666.67,-35.667983682683044
6982675000.0,-35.729455855384245
6987673333.33,-35.647864181306865
6992671666.67,-35.7174525735209
6997670000.0,-35.73382298952459
7002668333.33,-35.6740297257489
7007666666.67,-35.78442638018617
7012665000.0,-35.81325488032051
7017663333.33,-35.89062089796292
7022661666.67,-36.0393579573419
7027660000.0,-36.177729313518945
7032658333.33,-36.37927523649061
7037656666.67,-36.49805250801422
7042655000.0,-36.690838726624534
7047653333.33,-36.742466108065365
7052651666.67,-36.90846132014451
7057650000.0,-36.980694180891525
7062648333.33,-37.07201538604172
7067646666.67,-37.12815749341911
7072645000.0,-37.16991336370108
7077643333.33,-37.24580288269232
7082641666.67,-37.23025506851913
7087640000.0,-37.20396646253951
7092638333.33,-37.29863313139092
7097636666.67,-37.29515863487532
7102635000.0,-37.348271017172216
7107633333.33,-37.41550229886297
7112631666.67,-37.51133252087844
7117630000.0,-37.60363112483522
7122628333.33,-37.72260368940299
7127626666.67,-37.83102256510477
7132625000.0,-37.852771012997266
7137623333.33,-37.95315990396151
7142621666.67,-38.04979417653898
7147620000.0,-38.105277509159365
7152618333.33,-38.08531128818091
7157616666.67,-38.16246520515047
7162615000.0,-38.14218851308274
7167613333.33,-38.23282012372656
7172611666.67,-38.21333658960877
7177610000.0,-38.32346396186018
7182608333.33,-38.312225982555034
7187606666.67,-38.36520126525569
7192605000.0,-38.497492804590266
7197603333.33,-38.5574862816354
7202601666.67,-38.69077469562112
7207600000.0,-38.77330503037021
7212598333.33,-38.921947790760356
7217596666.67,-39.01008659776349
7222595000.0,-39.19721633159661
7227593333.33,-39.191598224757634
7232591666.67,-39.22261042439242
7237590000.0,-39.19028865707062
7242588333.33,-39.2216621589046
7247586666.67,-39.274347698559936
7252585000.0,-39.24665214602342
7257583333.33,-39.26171852731711
7262581666.67,-39.29646324344851
7267580000.0,-39.30902361149614
7272578333.33,-39.35541126913646
7277576666.67,-39.49043365018774
7282575000.0,-39.53056969873919
7287573333.33,-39.752640214124256
7292571666.67,-39.86268047563967
7297570000.0,-39.96993860835062
7302568333.33,-40.21691875942385
7307566666.67,-40.25119774452488
7312565000.0,-40.331176337753334
7317563333.33,-40.4935889739325
7322561666.67,-40.52793989660418
7327560000.0,-40.46072874216505
7332558333.33,-40.50138852351652
7337556666.67,-40.4651001378807
7342555000.0,-40.46206707208626
7347553333.33,-40.41732662616168
7352551666.67,-40.389376549617396
7357550000.0,-40.459804381627606
7362548333.33,-40.48656535331885
7367546666.67,-40.524926310076445
7372545000.0,-40.61890683947669
7377543333.33,-40.79304102320261
7382541666.67,-40.81126835492752
7387540000.0,-40.97708646815542
7392538333.33,-41.05677834213572
7397536666.67,-41.141603283023834
7402535000.0,-41.22717959931235
7407533333.33,-41.3035246690996
7412531666.67,-41.20142548741082
7417530000.0,-41.22165772990023
7422528333.33,-41.20083503498921
7427526666.67,-41.20603177530613
7432525000.0,-41.11135174016064
7437523333.33,-41.11656888512971
7442521666.67,-41.10227487508996
7447520000.0,-41.094427141375775
7452518333.33,-41.12550002904925
7457516666.67,-41.24009706198138
7462515000.0,-41.27786582577933
7467513333.33,-41.44193747459443
7472511666.67,-41.55669208591561
7477510000.0,-41.62924867695493
7482508333.33,-41.83051741346205
7487506666.67,-41.97867545280501
7492505000.0,-42.062421951282126
7497503333.33,-42.291114288119914
7502501666.67,-42.25378330829293
7507500000.0,-42.33577311092696
7512498333.33,-42.2956031938656
7517496666.67,-42.32823191045274
7522495000.0,-42.40709421689079
7527493333.33,-42.32857440355342
7532491666.67,-42.42646843405254
7537490000.0,-42.51905415805162
7542488333.33,-42.536606242925416
7547486666.67,-42.607529841949486
7552485000.0,-42.69214528934149
7557483333.33,-42.82065268589914
7562481666.67,-42.84329892752088
7567480000.0,-42.95425968429346
7572478333.33,-43.02077932786999
7577476666.67,-42.96462960916642
7582475000.0,-43.03990461507628
7587473333.33,-43.14031425032317
7592471666.67,-43.010187760188046
7597470000.0,-43.06686042265352
7602468333.33,-43.06490848756566
7607466666.67,-42.94780758014931
7612465000.0,-42.896930119443304
7617463333.33,-42.98153271083058
7622461666.67,-42.90775372663113
7627460000.0,-42.90870109369599
7632458333.33,-42.90526843561142
7637456666.67,-42.977517812752296
7642455000.0,-43.14558401957171
7647453333.33,-43.00460865021927
7652451666.67,-43.16779214612417
7657450000.0,-43.16344491882262
7662448333.33,-43.09600455112535
7667446666.67,-43.13266513972509
7672445000.0,-43.10039854161212
7677443333.33,-43.03137693570031
7682441666.67,-43.03679675939074
7687440000.0,-42.946852662484
7692438333.33,-42.78344287885318
7697436666.67,-42.71981980483861
7702435000.0,-42.746975397544375
7707433333.33,-42.767658228485914
7712431666.67,-42.81245385933376
7717430000.0,-43.02400818008503
7722428333.33,-42.98472258052232
7727426666.67,-43.18522778282437
7732425000.0,-43.29219651820749
7737423333.33,-43.3835862614047
7742421666.67,-43.48568427553648
7747420000.0,-43.624343221112625
7752418333.33,-43.69342328040659
7757416666.67,-43.75646211042587
7762415000.0,-43.89011633362849
7767413333.33,-43.85385410610398
7772411666.67,-43.91862809139721
7777410000.0,-44.023292633184255
7782408333.33,-43.98249442607822
7787406666.67,-44.14253907733474
7792405000.0,-43.99280671786264
7797403333.33,-44.270481031091194
7802401666.67,-44.334161087869205
7807400000.0,-44.46089627269502
7812398333.33,-44.62849968597004
7817396666.67,-44.84193377439073
7822395000.0,-44.9164532490002
7827393333.33,-44.98673940077975
7832391666.67,-45.1295808554098
7837390000.0,-45.20064382220391
7842388333.33,-45.2403777962857
7847386666.67,-45.282089084922596
7852385000.0,-45.24744666566224
7857383333.33,-45.2572388159584
7862381666.67,-45.17846993657145
7867380000.0,-45.143976514968465
7872378333.33,-45.017726727218836
7877376666.67,-44.879351515160664
7882375000.0,-44.98479428212463
7887373333.33,-44.96155158050172
7892371666.67,-44.85573827872426
7897370000.0,-44.99001446737492
7902368333.33,-45.00697108195746
7907366666.67,-44.97792112298892
7912365000.0,-45.11431747016887
7917363333.33,-45.26916632292238
7922361666.67,-45.24614680840169
7927360000.0,-45.25981594299114
7932358333.33,-45.27152078166753
7937356666.67,-45.32937358991116
7942355000.0,-45.275475267392984
7947353333.33,-45.32100707169896
7952351666.67,-45.30125125347455
7957350000.0,-45.22625016196993
7962348333.33,-45.19836833663655
7967346666.67,-45.289472591008355
7972345000.0,-45.261130113492804
7977343333.33,-45.384969808708576
7982341666.67,-45.47251125163879
7987340000.0,-45.53194827031131
7992338333.33,-45.61853320223675
7997336666.67,-45.64530992208448
8002335000.0,-45.64638214385604
8007333333.33,-45.72572181116178
8012331666.67,-45.77781940877516
8017330000.0,-45.738145002129336
8022328333.33,-45.80163863290073
8027326666.67,-45.85878329623057
8032325000.0,-45.68606135099942
8037323333.33,-45.63878575510276
8042321666.67,-45.81961801261428
8047320000.0,-45.895445667042765
8052318333.33,-45.99767289588013
8057316666.67,-46.05030040533624
8062315000.0,-46.1883095046166
8067313333.33,-46.455307188248156
8072311666.67,-46.480165920971
8077310000.0,-46.500304966006254
8082308333.33,-46.70470827116308
8087306666.67,-46.707054497205924
8092305000.0,-47.01150111558019
8097303333.33,-47.14672548151155
8102301666.67,-47.25236524169823
8107300000.0,-47.14586301277351
8112298333.33,-47.34155003393097
8117296666.67,-47.14939005151745
8122295000.0,-47.20964000562741
8127293333.33,-47.35255437128917
8132291666.67,-47.17956164014871
8137290000.0,-47.29346397518298
8142288333.33,-47.596155374817684
8147286666.67,-47.38930015809113
8152285000.0,-47.44636129426912
8157283333.33,-47.7230070778249
8162281666.67,-47.65041306462049
8167280000.0,-47.65182183801731
8172278333.33,-47.857495860980166
8177276666.67,-47.83328886314871
8182275000.0,-47.80183178453919
8187273333.33,-47.8557391350357
8192271666.67,-47.78247621048205
8197270000.0,-47.74992725088836
8202268333.33,-47.78631596109014
8207266666.67,-47.64493188652977
8212265000.0,-47.85267874025906
8217263333.33,-47.68253338426506
8222261666.67,-47.80615333394181
8227260000.0,-47.94618589087385
8232258333.33,-48.07821016819692
8237256666.67,-48.138833082995646
8242255000.0,-48.292447520065366
8247253333.33,-48.31897979615289
8252251666.67,-48.42064212236885
8257250000.0,-48.47123691623381
8262248333.33,-48.57398016837109
8267246666.67,-48.53219608636299
8272245000.0,-48.54529802611501
8277243333.33,-48.539228532866446
8282241666.67,-48.273257730108185
8287240000.0,-48.55865136149461
8292238333.33,-48.21542238447955
8297236666.67,-48.34950908284703
8302235000.0,-48.321034642738866
8307233333.33,-48.255878857570465
8312231666.67,-48.221749041304435
8317230000.0,-48.517380884513734
8322228333.33,-48.38138877279965
8327226666.67,-48.726002206587644
8332225000.0,-48.67453950220912
8337223333.33,-48.87651395171964
8342221666.67,-48.919991494153095
8347220000.0,-49.00193088735903
8352218333.33,-48.9553562706968
8357216666.67,-49.1661306784561
8362215000.0,-48.99710810894056
8367213333.33,-48.88012574384466
8372211666.67,-49.007218735300206
8377210000.0,-48.79336245017293
8382208333.33,-48.980255164233455
8387206666.67,-48.855505476690354
8392205000.0,-48.716724030807974
8397203333.33,-49.00259077624683
8402201666.67,-48.903559020289144
8407200000.0,-48.892843697300336
8412198333.33,-49.25427054236532
8417196666.67,-49.352955881818794
8422195000.0,-49.34192228455984
8427193333.33,-49.493310172866686
8432191666.67,-49.472864255349116
8437190000.0,-49.661728354200044
8442188333.33,-49.56794223040991
8447186666.67,-49.639216405082685
8452185000.0,-49.780943375754674
8457183333.33,-49.77320030386033
8462181666.67,-49.90471740974396
8467180000.0,-49.63841016062111
8472178333.33,-49.62279950492654
8477176666.67,-49.64091986217202
8482175000.0,-49.701904953006235
8487173333.33,-49.52317779253277
8492171666.67,-49.70193193735671
8497170000.0,-49.87251617222026
8502168333.33,-49.96001690902757
8507166666.67,-50.05845262410406
8512165000.0,-50.14869051941104
8517163333.33,-50.33609878673798
8522161666.67,-50.303172371343294
8527160000.0,-50.3510376372859
8532158333.33,-50.312469065599544
8537156666.67,-50.16492452770645
8542155000.0,-50.24913572419602
8547153333.33,-50.11237108449015
8552151666.67,-50.25364778856588
8557150000.0,-50.21417255084213
8562148333.33,-50.14793003728718
8567146666.67,-50.18617508627467
8572145000.0,-50.20899600776512
8577143333.33,-50.22426877819928
8582141666.67,-50.13901920964932
8587140000.0,-50.21583052499473
8592138333.33,-50.389629902310546
8597136666.67,-50.428835370322815
8602135000.0,-50.44921276596456
8607133333.33,-50.30534646263179
8612131666.67,-50.32624239338351
8617130000.0,-50.337144674521326
8622128333.33,-50.41322759981547
8627126666.67,-49.95109211063781
8632125000.0,-50.039370176207655
8637123333.33,-50.00033371914419
8642121666.67,-49.87519306475782
8647120000.0,-49.86055988988085
8652118333.33,-49.71917237076337
8657116666.67,-49.89526898323024
8662115000.0,-49.97215121460517
8667113333.33,-50.13439605901012
8672111666.67,-50.447143028722024
8677110000.0,-50.77452055170327
8682108333.33,-50.77347870775003
8687106666.67,-50.905816916579994
8692105000.0,-51.05816948730768
8697103333.33,-51.236622740978675
8702101666.67,-51.27826740480137
8707100000.0,-51.28253540071745
8712098333.33,-51.41301603659221
8717096666.67,-51.03784753555951
8722095000.0,-50.75046658308774
8727093333.33,-50.6524426203261
8732091666.67,-50.62641400375432
8737090000.0,-50.4350067597767
8742088333.33,-50.480186586321906
8747086666.67,-50.505885357044605
8752085000.0,-50.547479287416806
8757083333.33,-50.67088269140075
8762081666.67,-50.71301813228977
8767080000.0,-50.84577352697732
8772078333.33,-51.13263886264588
8777076666.67,-51.272080794903985
8782075000.0,-51.359662337060755
8787073333.33,-51.48374743316537
8792071666.67,-51.45402059308219
8797070000.0,-51.61141815952598
8802068333.33,-51.46835370796027
8807066666.67,-51.49879886590429
8812065000.0,-51.43757609381471
8817063333.33,-51.21898905942842
8822061666.67,-51.22635056748471
8827060000.0,-51.20225223259101
8832058333.33,-51.16978981871209
8837056666.67,-51.23642927796957
8842055000.0,-51.334457373450434
8847053333.33,-51.63307094914024
8852051666.67,-51.47334889739629
8857050000.0,-51.64124587249298
8862048333.33,-51.807117443554276
8867046666.67,-51.829133888962
8872045000.0,-52.00888777868302
8877043333.33,-52.12244237844643
8882041666.67,-52.00989833208383
8887040000.0,-51.98365922516751
8892038333.33,-51.95105853239219
8897036666.67,-52.06040993617173
8902035000.0,-51.97294311920732
8907033333.33,-51.77365174984858
8912031666.67,-51.713344520502844
8917030000.0,-51.60287501866711
8922028333.33,-51.69859932458702
8927026666.67,-51.61119114800969
8932025000.0,-51.723095457034695
8937023333.33,-51.79130013643068
8942021666.67,-52.15550062096446
8947020000.0,-52.30391938474574
8952018333.33,-52.2787150508605
8957016666.67,-52.26037234800821
8962015000.0,-52.37903035134708
8967013333.33,-52.352847848631754
8972011666.67,-52.35933183990987
8977010000.0,-52.65450802852108
8982008333.33,-52.27177411636472
8987006666.67,-52.43475549005553
8992005000.0,-52.40820457405179
8997003333.33,-52.30906338019625
9002001666.67,-52.259683548588356
9007000000.0,-52.362727191125565
9011998333.33,-52.50974654031105
9016996666.67,-52.2589248949337
9021995000.0,-52.62541271298534
9026993333.33,-52.65716686764076
9031991666.67,-52.501973654524
9036990000.0,-52.416798740723884
9041988333.33,-52.74050756590975
9046986666.67,-52.54488410678741
9051985000.0,-52.565337911342915
9056983333.33,-52.726703871726116
9061981666.67,-52.51598379741209
9066980000.0,-52.49965636942646
9071978333.33,-52.14870246198062
9076976666.67,-52.479702556895504
9081975000.0,-52.45233165849322
9086973333.33,-52.34205575775888
9091971666.67,-52.27097525718091
9096970000.0,-52.22682769086979
9101968333.33,-52.488531950750485
9106966666.67,-52.6137361236148
9111965000.0,-52.68814468563309
9116963333.33,-52.82723133996288
9121961666.67,-52.77683945169581
9126960000.0,-52.95873858030545
9131958333.33,-53.192269504859595
9136956666.67,-53.335724367725334
9141955000.0,-53.315355824265495
9146953333.33,-53.429306200474414
9151951666.67,-53.65550712374889
9156950000.0,-53.4641516287374
9161948333.33,-53.37228096488842
9166946666.67,-53.51361531996033
9171945000.0,-53.54804582641104
9176943333.33,-53.646065409157764
9181941666.67,-53.48421479044957
9186940000.0,-53.63656489716029
9191938333.33,-53.80785259927798
9196936666.67,-53.68084815381565
9201935000.0,-53.67756330415385
9206933333.33,-53.951964343114504
9211931666.67,-53.99370971629719
9216930000.0,-53.86650363268608
9221928333.33,-54.208076348796695
9226926666.67,-53.90982857297659
9231925000.0,-53.947552652778505
9236923333.33,-53.837308582024946
9241921666.67,-53.922232934357766
9246920000.0,-53.832400340722934
9251918333.33,-53.65953564005221
9256916666.67,-53.8138936169577
9261915000.0,-53.663657904717226
9266913333.33,-53.72313103967209
9271911666.67,-53.87530625823899
9276910000.0,-53.835580259636906
9281908333.33,-53.84953176264834
9286906666.67,-54.04344134984495
9291905000.0,-54.07281206785471
9296903333.33,-53.92482844069397
9301901666.67,-53.84798902886913
9306900000.0,-53.97131964877425
9311898333.33,-54.15262047560048
9316896666.67,-53.8558846971148
9321895000.0,-53.68506715190564
9326893333.33,-53.787488817873694
9331891666.67,-53.388686610064475
9336890000.0,-53.45378787417669
9341888333.33,-53.26540074700479
9346886666.67,-53.535331502899425
9351885000.0,-53.09762088962827
9356883333.33,-53.30894086889191
9361881666.67,-53.255541920713945
9366880000.0,-53.77762985152639
9371878333.33,-53.7700905145655
9376876666.67,-53.85709659606273
9381875000.0,-53.902634926648176
9386873333.33,-53.89019142028082
9391871666.67,-53.96965722905466
9396870000.0,-53.797661262178266
9401868333.33,-54.11088937810415
9406866666.67,-53.750420542951396
9411865000.0,-53.958552237058996
9416863333.33,-53.87985145243167
9421861666.67,-53.584949575120724
9426860000.0,-53.52248050396593
9431858333.33,-53.86036003655146
9436856666.67,-54.016406230928304
9441855000.0,-54.23930266479368
9446853333.33,-53.98196901244504
9451851666.67,-54.24701708769468
9456850000.0,-54.25291413239081
9461848333.33,-54.44155451574617
9466846666.67,-54.660881434020354
9471845000.0,-54.74285965124932
9476843333.33,-54.8114515058834
9481841666.67,-54.764627083385975
9486840000.0,-54.677739617078856
9491838333.33,-54.83680920155025
9496836666.67,-54.78063452206925
9501835000.0,-54.25478125650544
9506833333.33,-54.476108428331045
9511831666.67,-54.199887383981334
9516830000.0,-54.20252509375075
9521828333.33,-54.255103859740515
9526826666.67,-54.30573518922295
9531825000.0,-54.285030016584315
9536823333.33,-54.2315644234595
9541821666.67,-54.53226295466503
9546820000.0,-54.775165935740034
9551818333.33,-54.60047387179035
9556816666.67,-54.5233299007381
9561815000.0,-54.57139505927776
9566813333.33,-54.64684984531998
9571811666.67,-54.54500152119084
9576810000.0,-54.499249278901644
9581808333.33,-54.34788816730895
9586806666.67,-54.04120651376249
9591805000.0,-54.23029348957961
9596803333.33,-53.8230565569738
9601801666.67,-54.228506130441396
9606800000.0,-53.902719530678795
9611798333.33,-53.987025974598886
9616796666.67,-54.21452726483764
9621795000.0,-53.97091898055728
9626793333.33,-54.27608451053116
9631791666.67,-54.332128853502006
9636790000.0,-54.55717839162543
9641788333.33,-54.733930968918756
9646786666.67,-54.45125270781767
9651785000.0,-54.59518624265549
9656783333.33,-54.37975016420904
9661781666.67,-54.56681013635126
9666780000.0,-54.26471608890098
9671778333.33,-54.23277585908949
9676776666.67,-54.22903029027077
9681775000.0,-54.23033489707756
9686773333.33,-54.37972798831503
9691771666.67,-54.26194379631687
9696770000.0,-53.992765781904055
9701768333.33,-53.89618724023517
9706766666.67,-54.15238076593263
9711765000.0,-54.33152472608878
9716763333.33,-54.604943208680695
9721761666.67,-55.024331535862004
9726760000.0,-54.96975678439302
9731758333.33,-55.83856474419552
9736756666.67,-55.334092567978374
9741755000.0,-55.1223981132011
9746753333.33,-55.151199888523564
9751751666.67,-55.02241013108638
9756750000.0,-55.441763814513806
9761748333.33,-55.23744209395709
9766746666.67,-55.144628870579666
9771745000.0,-54.6018403364981
9776743333.33,-54.64701532790226
9781741666.67,-54.78444951468893
9786740000.0,-54.581141586423826
9791738333.33,-54.848729259877175
9796736666.67,-54.587319200840135
9801735000.0,-55.21853083807458
9806733333.33,-55.11197695429615
9811731666.67,-55.25215241424223
9816730000.0,-55.16408943247438
9821728333.33,-55.31468792847655
9826726666.67,-55.20586870256291
9831725000.0,-55.49950100705629
9836723333.33,-55.9733480799369
9841721666.67,-55.761834124339856
9846720000.0,-55.57833561817725
9851718333.33,-55.2723758392783
9856716666.67,-55.160414723677285
9861715000.0,-55.29820984383115
9866713333.33,-55.41712741801221
9871711666.67,-55.09651638735701
9876710000.0,-54.98641658699182
9881708333.33,-54.92649183276937
9886706666.67,-55.073975335890026
9891705000.0,-55.50749001800783
9896703333.33,-55.75167019445083
9901701666.67,-55.43109733537098
9906700000.0,-55.546500014020936
9911698333.33,-55.83103256941851
9916696666.67,-55.86157906067363
9921695000.0,-56.055110692942556
9926693333.33,-55.59309604892306
9931691666.67,-55.65778160340453
9936690000.0,-55.81122565866943
9941688333.33,-56.04378330598646
9946686666.67,-55.56707697090247
9951685000.0,-55.60132108784883
9956683333.33,-55.438643195281756
9961681666.67,-55.535782282521645
9966680000.0,-55.62637792377549
9971678333.33,-55.79413636019495
9976676666.67,-55.82470612940598
9981675000.0,-56.020138587943535
9986673333.33,-55.90077832415113
9991671666.67,-56.18024080882282
9996670000.0,-55.9494332090759
10001668333.3,-56.22347421412691
10006666666.7,-56.0492356676741
10011665000.0,-56.644783035926665
10016663333.3,-56.124369331899075
10021661666.7,-56.216641312767315
10026660000.0,-55.846903528049204
10031658333.3,-55.93535600097931
10036656666.7,-55.746436909261945
10041655000.0,-56.21067353718429
10046653333.3,-55.98194959742108
10051651666.7,-56.195953789729316
10056650000.0,-55.77306097498849
10061648333.3,-56.17425184147414
10066646666.7,-56.510481574995154
10071645000.0,-56.43051673637124
10076643333.3,-56.859057921538636
10081641666.7,-56.49576922502842
10086640000.0,-56.62711626890223
10091638333.3,-56.41428411047769
10096636666.7,-56.38575571693701
10101635000.0,-56.55071518594432
10106633333.3,-56.35736590099966
10111631666.7,-56.57210806794356
10116630000.0,-56.296623145587276
10121628333.3,-56.42756675642274
10126626666.7,-56.61939803082065
10131625000.0,-56.630302380070354
10136623333.3,-56.65488121927498
10141621666.7,-56.99168807506317
10146620000.0,-56.93651972731733
10151618333.3,-57.08894218140222
10156616666.7,-56.998698174478534
10161615000.0,-57.438353245276645
10166613333.3,-57.47402355665176
10171611666.7,-57.092699481646164
10176610000.0,-57.48908034958541
10181608333.3,-57.19700515525542
10186606666.7,-57.34656373028527
10191605000.0,-56.87613612806896
10196603333.3,-56.99377952615148
10201601666.7,-57.47811273583991
10206600000.0,-57.33529673464843
10211598333.3,-56.89408020792036
10216596666.7,-56.84573154922486
10221595000.0,-57.17034912048608
10226593333.3,-56.857108896207144
10231591666.7,-56.87912965289381
10236590000.0,-56.90116682922606
10241588333.3,-57.20424661528915
10246586666.7,-57.095812031424664
10251585000.0,-57.33258328061133
10256583333.3,-57.17780307298049
10261581666.7,-57.041735917251216
10266580000.0,-56.895422805111195
10271578333.3,-56.943419875530196
10276576666.7,-56.91611035042662
10281575000.0,-57.01247304938528
10286573333.3,-56.822093371212404
10291571666.7,-56.68873538611101
10296570000.0,-57.1858155105606
10301568333.3,-56.979549485535024
10306566666.7,-56.84497692762632
10311565000.0,-57.26296890599591
10316563333.3,-56.847168158984175
10321561666.7,-57.278061150633725
10326560000.0,-57.41944929149797
10331558333.3,-57.602341390137966
10336556666.7,-57.79417617412912
10341555000.0,-57.49137077881429
10346553333.3,-57.65614759421848
10351551666.7,-57.41707721726723
10356550000.0,-57.01172247050394
10361548333.3,-57.38726616608709
10366546666.7,-56.99518878444475
10371545000.0,-57.1117960428823
10376543333.3,-57.05019440985662
10381541666.7,-57.383685770230315
10386540000.0,-57.32959112195154
10391538333.3,-57.21201584552486
10396536666.7,-57.22808127361071
10401535000.0,-57.10714260785834
10406533333.3,-57.295963989334126
10411531666.7,-57.79337120453484
10416530000.0,-57.73617914428861
10421528333.3,-57.40823155322268
10426526666.7,-57.74721247916062
10431525000.0,-57.7217259770694
10436523333.3,-57.36183090219239
10441521666.7,-57.59357698150075
10446520000.0,-57.89227369940594
10451518333.3,-57.046956525398826
10456516666.7,-57.45460284568891
10461515000.0,-57.506020528328825
10466513333.3,-57.564595477191446
10471511666.7,-57.74132335286901
10476510000.0,-57.49564989894946
10481508333.3,-57.509361247786146
10486506666.7,-58.1054627878175
10491505000.0,-57.91692030674673
10496503333.3,-57.86244772645391
10501501666.7,-57.93539399728479
10506500000.0,-57.484072597194505
10511498333.3,-57.52900254298589
10516496666.7,-58.255741226592846
10521495000.0,-57.77505370672444
10526493333.3,-57.82856548230566
10531491666.7,-57.82676442408138
10536490000.0,-57.752758823481244
10541488333.3,-57.86136011405033
10546486666.7,-57.644458652154256
10551485000.0,-57.45585802512341
10556483333.3,-57.7669445982072
10561481666.7,-57.83453784771001
10566480000.0,-58.49967176157138
10571478333.3,-57.947220849970435
10576476666.7,-57.49648568500853
10581475000.0,-57.803800953829835
10586473333.3,-58.06241654401568
10591471666.7,-58.27671493197964
10596470000.0,-58.31224956527897
10601468333.3,-58.37329311981998
10606466666.7,-58.25008264755408
10611465000.0,-57.992916503991125
10616463333.3,-58.33449686881068
10621461666.7,-58.3135834380387
10626460000.0,-58.04010804430277
10631458333.3,-57.94604384112424
10636456666.7,-57.769610846634684
10641455000.0,-57.96733221802921
10646453333.3,-57.8234138622344
10651451666.7,-58.05601920722918
10656450000.0,-58.242401713650096
10661448333.3,-58.534577554342945
10666446666.7,-58.13579616402851
10671445000.0,-58.3193426636124
10676443333.3,-58.41782585885561
10681441666.7,-58.5121095394641
10686440000.0,-58.55744297567775
10691438333.3,-59.332675224857795
10696436666.7,-58.44388066459131
10701435000.0,-58.45441174212746
10706433333.3,-57.96130146726131
10711431666.7,-57.63386590816378
10716430000.0,-58.40739015803191
10721428333.3,-57.651769043972294
10726426666.7,-57.604096938874456
10731425000.0,-57.9249344246223
10736423333.3,-58.107405626350484
10741421666.7,-57.91978811846518
10746420000.0,-58.56989464605823
10751418333.3,-58.47536585075481
10756416666.7,-58.24667382294148
10761415000.0,-59.16606952625119
10766413333.3,-58.890242450176956
10771411666.7,-58.782584512258666
10776410000.0,-59.01860396313797
10781408333.3,-59.283847961385604
10786406666.7,-58.93591465188677
10791405000.0,-59.12414456118987
10796403333.3,-58.79959008437791
10801401666.7,-58.84397744229631
10806400000.0,-58.42435691450752
10811398333.3,-58.54424712131957
10816396666.7,-58.439752927142585
10821395000.0,-58.63349366173148
10826393333.3,-58.80369655738224
10831391666.7,-59.185494973750714
10836390000.0,-59.216610515445616
10841388333.3,-59.38318135985254
10846386666.7,-59.73921785534486
10851385000.0,-59.39275181891607
10856383333.3,-60.13650389919617
10861381666.7,-59.998286813034326
10866380000.0,-60.43260463135903
10871378333.3,-59.91983329834646
10876376666.7,-59.44780371482504
10881375000.0,-59.55939144661385
10886373333.3,-59.86056819033156
10891371666.7,-59.453723923076076
10896370000.0,-59.461927674511756
10901368333.3,-59.20121886558884
10906366666.7,-59.05538979034597
10911365000.0,-59.17297772024207
10916363333.3,-59.24140096745268
10921361666.7,-58.82037773748258
10926360000.0,-59.436249662599906
10931358333.3,-59.48781936772405
10936356666.7,-59.765868978662056
10941355000.0,-59.43001835444633
10946353333.3,-59.75228490213151
10951351666.7,-59.030563081686545
10956350000.0,-59.87555080838178
10961348333.3,-59.16400392437762
10966346666.7,-59.106579293445535
10971345000.0,-59.361828735312244
10976343333.3,-59.221235637619706
10981341666.7,-59.60500468870659
10986340000.0,-58.93512377517385
10991338333.3,-58.95301288073967
10996336666.7,-59.25552794896716
11001335000.0,-58.834044005411386
11006333333.3,-59.18674084887396
11011331666.7,-59.56679904034275
11016330000.0,-59.300146806925426
11021328333.3,-59.82791230866447
11026326666.7,-60.01898216761955
11031325000.0,-59.96291343296142
11036323333.3,-59.824124421831335
11041321666.7,-59.68559212205882
11046320000.0,-59.9322039892146
11051318333.3,-59.576075470410366
11056316666.7,-59.74961776968498
11061315000.0,-59.89770754700089
11066313333.3,-59.89908643545174
11071311666.7,-59.48118957516605
11076310000.0,-60.111996971093404
11081308333.3,-60.23786396997744
11086306666.7,-59.89706185866062
11091305000.0,-60.05500298822685
11096303333.3,-59.34661664121017
11101301666.7,-60.205555235422125
11106300000.0,-60.14221605895254
11111298333.3,-60.53760008448792
11116296666.7,-60.57434580998546
11121295000.0,-60.67078575581477
11126293333.3,-60.682046113340114
11131291666.7,-60.61559893630998
11136290000.0,-60.76323489320154
11141288333.3,-60.3920354550225
11146286666.7,-60.160462995456285
11151285000.0,-59.99118589784082
11156283333.3,-59.78348871424365
11161281666.7,-59.95338175037315
11166280000.0,-60.021581796719545
11171278333.3,-60.4539932330158
11176276666.7,-60.429819992969726
11181275000.0,-60.342300761530424
11186273333.3,-61.021632406445676
11191271666.7,-60.725712099418
11196270000.0,-60.607265237181885
11201268333.3,-60.31359923210667
11206266666.7,-60.94157753805934
11211265000.0,-60.33603903467829
11216263333.3,-60.174638338387126
11221261666.7,-60.56793450207319
11226260000.0,-60.40335879184373
11231258333.3,-60.65889139055506
11236256666.7,-60.43707540518187
11241255000.0,-59.76952223775828
11246253333.3,-59.72747350579665
11251251666.7,-59.51380432248672
11256250000.0,-59.721032862083504
11261248333.3,-60.29476074847773
11266246666.7,-59.526756361272646
11271245000.0,-59.89448589311369
11276243333.3,-59.606858181546976
11281241666.7,-59.868089362846845
11286240000.0,-60.32691008536622
11291238333.3,-60.1485061836037
11296236666.7,-60.112811768263
11301235000.0,-59.987660950834076
11306233333.3,-60.06886351706029
11311231666.7,-59.8708671445122
11316230000.0,-60.10479322267216
11321228333.3,-59.851190351711345
11326226666.7,-59.66171933717557
11331225000.0,-60.02915953484514
11336223333.3,-60.26561373790305
11341221666.7,-59.95767516378754
11346220000.0,-59.796091690646406
11351218333.3,-60.08345711015207
11356216666.7,-60.27021702952066
11361215000.0,-60.41097188631567
11366213333.3,-60.83107472031523
11371211666.7,-60.33843302044011
11376210000.0,-60.31636684636347
11381208333.3,-60.49479832875296
11386206666.7,-59.90586345036641
11391205000.0,-60.05301487337228
11396203333.3,-60.405580607291796
11401201666.7,-60.62351069226673
11406200000.0,-60.88573642564785
11411198333.3,-60.15671362635967
11416196666.7,-60.10043093065867
11421195000.0,-60.00561889885848
11426193333.3,-60.72982623583321
11431191666.7,-60.02348101673326
11436190000.0,-60.882886155925895
11441188333.3,-60.51221902034961
11446186666.7,-60.94638299799179
11451185000.0,-60.28570467992871
11456183333.3,-60.777699857314516
11461181666.7,-61.04399844850399
11466180000.0,-60.60875119293064
11471178333.3,-59.76500158373267
11476176666.7,-60.47061928542435
11481175000.0,-60.60978269627942
11486173333.3,-60.206425928153834
11491171666.7,-60.51534722785168
11496170000.0,-60.357847097262656
11501168333.3,-60.42453034684998
11506166666.7,-60.2792656776656
11511165000.0,-59.84263285308294
11516163333.3,-60.59794945449286
11521161666.7,-59.97500984984558
11526160000.0,-60.62931522058171
11531158333.3,-60.15128440007544
11536156666.7,-60.29818227599188
11541155000.0,-61.11073553300626
11546153333.3,-60.493793354999
11551151666.7,-60.9438135051417
11556150000.0,-60.32289485118981
11561148333.3,-61.20935561423143
11566146666.7,-60.63403591226533
11571145000.0,-60.5034689180658
11576143333.3,-59.963553906105446
11581141666.7,-60.16301668781128
11586140000.0,-59.783713288560946
11591138333.3,-60.33457514047983
11596136666.7,-60.48055666435629
11601135000.0,-60.28976381876554
11606133333.3,-60.839063792089405
11611131666.7,-60.15987230793986
11616130000.0,-60.09818106587729
11621128333.3,-60.46297923961519
11626126666.7,-60.802990795759314
11631125000.0,-61.149777090090055
11636123333.3,-60.91996788407141
11641121666.7,-60.48639045036643
11646120000.0,-59.984846034621846
11651118333.3,-60.41165453303088
11656116666.7,-60.34611876557135
11661115000.0,-60.88148142946811
11666113333.3,-60.11347774625099
11671111666.7,-60.08608977065275
11676110000.0,-59.927373087999854
11681108333.3,-60.13874222453196
11686106666.7,-60.43236598166508
11691105000.0,-60.86398663183515
11696103333.3,-60.22842972155482
11701101666.7,-60.84860833338318
11706100000.0,-60.64413904614483
11711098333.3,-60.325489180481455
11716096666.7,-61.29606101335752
11721095000.0,-60.911631684206014
11726093333.3,-61.16995995713413
11731091666.7,-61.46217685525011
11736090000.0,-60.59708288239109
11741088333.3,-61.58296848412621
11746086666.7,-60.74976020985542
11751085000.0,-60.63038344706853
11756083333.3,-60.102367233166134
11761081666.7,-59.994279041166514
11766080000.0,-60.567978483414855
11771078333.3,-60.20765584493046
11776076666.7,-60.213679448300034
11781075000.0,-60.88178936973493
11786073333.3,-60.063578786028316
11791071666.7,-60.54687872025278
11796070000.0,-60.440042566112915
11801068333.3,-61.65920797433152
11806066666.7,-61.28724540640661
11811065000.0,-61.151973960735894
11816063333.3,-61.20742238553029
11821061666.7,-61.05661057758199
11826060000.0,-61.46597894737792
11831058333.3,-60.670309594453904
11836056666.7,-60.93096441017217
11841055000.0,-61.06146293683424
11846053333.3,-60.354145485526914
11851051666.7,-60.55011409741324
11856050000.0,-60.966516235147175
11861048333.3,-60.3945596423749
11866046666.7,-61.25706150829345
11871045000.0,-60.446776365885185
11876043333.3,-60.88285104442964
11881041666.7,-61.310572841651485
11886040000.0,-60.774512405594436
11891038333.3,-61.35099724048242
11896036666.7,-62.061171861612785
11901035000.0,-61.53555340325879
11906033333.3,-61.497765001300706
11911031666.7,-61.142290939960446
11916030000.0,-60.509889576349956
11921028333.3,-60.98588071067109
11926026666.7,-61.51986684689831
11931025000.0,-61.23485871711948
11936023333.3,-61.45057767760289
11941021666.7,-61.69535911989274
11946020000.0,-61.54842888703964
11951018333.3,-61.302096940801775
11956016666.7,-61.75238367258261
11961015000.0,-60.92864115464139
11966013333.3,-61.63091025939923
11971011666.7,-61.8078405693778
11976010000.0,-61.06110804514397
11981008333.3,-61.551554229671304
11986006666.7,-61.93077965906759
11991005000.0,-61.29252631351974
11996003333.3,-61.8452706739501
12001001666.7,-61.10128435573672
12006000000.0,-61.150444492332085
12010998333.3,-60.89854809658431
12015996666.7,-60.762273656271276
12020995000.0,-60.012347922954525
12025993333.3,-60.57173289327488
12030991666.7,-59.5246587866674
12035990000.0,-60.41075142060511
12040988333.3,-60.630709080135816
12045986666.7,-60.53427127259284
12050985000.0,-60.35525169126298
12055983333.3,-60.986136764568144
12060981666.7,-60.919364488239395
12065980000.0,-60.556530557012216
12070978333.3,-60.58784860471207
12075976666.7,-61.51070644053209
12080975000.0,-60.77055956095734
12085973333.3,-61.34683376410321
12090971666.7,-60.84183990284743
12095970000.0,-61.14936130942631
12100968333.3,-60.794450360419454
12105966666.7,-60.873280998682446
12110965000.0,-60.61357400771569
12115963333.3,-60.72400982513877
12120961666.7,-60.46169098695632
12125960000.0,-59.97251154879117
12130958333.3,-60.44369335324065
12135956666.7,-60.69620657497015
12140955000.0,-61.070464317339805
12145953333.3,-61.70822551804568
12150951666.7,-61.27681980861417
12155950000.0,-61.476027502168726
12160948333.3,-61.18171099296095
12165946666.7,-61.6338705851727
12170945000.0,-61.41364522263491
12175943333.3,-61.56176270922819
12180941666.7,-61.24792249942761
12185940000.0,-61.0981697104957
12190938333.3,-61.11850598579209
12195936666.7,-61.1358165514782
12200935000.0,-61.00119931820001
12205933333.3,-61.529993581061774
12210931666.7,-60.67419144980151
12215930000.0,-61.63732471620677
12220928333.3,-61.45043082427276
12225926666.7,-62.153405759891896
12230925000.0,-61.20979588120295
12235923333.3,-62.03112546994183
12240921666.7,-61.738113600907624
12245920000.0,-61.600940825744395
12250918333.3,-61.45899080301841
12255916666.7,-61.01711089679852
12260915000.0,-62.0470430355319
12265913333.3,-61.66382213383618
12270911666.7,-61.38510608329256
12275910000.0,-60.998536717124765
12280908333.3,-60.946854862535595
12285906666.7,-61.38281950040167
12290905000.0,-61.59980300626803
12295903333.3,-61.12868813689629
12300901666.7,-61.358990251727676
12305900000.0,-60.70506611941488
12310898333.3,-60.608238419580445
12315896666.7,-61.267063565160825
12320895000.0,-61.37183108819097
12325893333.3,-61.29626118224587
12330891666.7,-60.93575578369986
12335890000.0,-61.28186213802107
12340888333.3,-61.15499263697953
12345886666.7,-60.43382535852672
12350885000.0,-60.380204650147824
12355883333.3,-60.928901578706004
12360881666.7,-60.60952750949713
12365880000.0,-60.76829941621319
12370878333.3,-60.58608271965407
12375876666.7,-60.27062504632912
12380875000.0,-60.76227284428469
12385873333.3,-61.20741465987166
12390871666.7,-60.96040778478851
12395870000.0,-60.46186217396684
12400868333.3,-61.74491366388799
12405866666.7,-60.97665459049746
12410865000.0,-61.19787174826901
12415863333.3,-60.86827060061761
12420861666.7,-60.516522755041244
12425860000.0,-60.90223359578785
12430858333.3,-61.326311730806644
12435856666.7,-60.91202284681386
12440855000.0,-61.25095350183812
12445853333.3,-60.80446749207526
12450851666.7,-60.467384407824696
12455850000.0,-61.203931040782855
12460848333.3,-60.77627613405616
12465846666.7,-61.51332838922549
12470845000.0,-60.984349238071694
12475843333.3,-61.5615079460678
12480841666.7,-62.264434649522016
12485840000.0,-61.973460716647246
12490838333.3,-61.7863506304682
12495836666.7,-61.307775471425494
12500835000.0,-61.934877154118205
12505833333.3,-62.79280650747374
12510831666.7,-62.83943675301815
12515830000.0,-62.02009078384129
12520828333.3,-62.205554715582224
12525826666.7,-61.42608064699005
12530825000.0,-62.68967424084679
12535823333.3,-61.855049251138766
12540821666.7,-62.18733426427299
12545820000.0,-62.07862425632839
12550818333.3,-62.36648351422506
12555816666.7,-61.32759395504476
12560815000.0,-61.75168576398822
12565813333.3,-62.07039499115966
12570811666.7,-61.62744486686242
12575810000.0,-62.566715913982875
12580808333.3,-62.07983100620368
12585806666.7,-61.87037077226596
12590805000.0,-62.162669424917766
12595803333.3,-61.95060140024044
12600801666.7,-61.91474097617487
12605800000.0,-62.37068236957485
12610798333.3,-62.60146489847312
12615796666.7,-62.490271052872615
12620795000.0,-61.37696454462816
12625793333.3,-61.09848195568009
12630791666.7,-62.21193942027013
12635790000.0,-61.739279213299326
12640788333.3,-63.27850535530078
12645786666.7,-61.70171890469666
12650785000.0,-61.913439654656386
12655783333.3,-62.485838126195084
12660781666.7,-62.61124652470754
12665780000.0,-62.50289059841836
12670778333.3,-61.68883423357529
12675776666.7,-62.107859878858285
12680775000.0,-61.90951768239244
12685773333.3,-62.59743645518351
12690771666.7,-62.12601054931718
12695770000.0,-62.637261079936984
12700768333.3,-62.127430613009764
12705766666.7,-61.592305054779715
12710765000.0,-62.563308808112915
12715763333.3,-62.1921061371315
12720761666.7,-62.14340970442612
12725760000.0,-62.11387914003559
12730758333.3,-62.37441928813042
12735756666.7,-61.90217812791963
12740755000.0,-62.99857655031187
12745753333.3,-62.64851549132815
12750751666.7,-62.60595421929223
12755750000.0,-62.87600653979098
12760748333.3,-62.33769816490793
12765746666.7,-62.76138676885341
12770745000.0,-62.38042802462593
12775743333.3,-62.828617158196195
12780741666.7,-62.49597216910647
12785740000.0,-63.11324398625803
12790738333.3,-63.07676040380876
12795736666.7,-62.429833189950955
12800735000.0,-63.32201869868608
12805733333.3,-62.056824635381545
12810731666.7,-62.3164984944167
12815730000.0,-63.005326423474216
12820728333.3,-62.962547254325614
12825726666.7,-63.5175441283505
12830725000.0,-62.89760997357247
12835723333.3,-62.81306201008554
12840721666.7,-63.46660596940916
12845720000.0,-63.23365189501959
12850718333.3,-63.08804163493598
12855716666.7,-63.81382807626888
12860715000.0,-63.48198728274622
12865713333.3,-63.178344852366656
12870711666.7,-63.30427888549275
12875710000.0,-63.30674544857639
12880708333.3,-63.648735191266745
12885706666.7,-63.68220636197559
12890705000.0,-63.34067186548283
12895703333.3,-63.060327252010055
12900701666.7,-62.93675186979742
12905700000.0,-62.88883142978567
12910698333.3,-62.58367495026632
12915696666.7,-63.00345801471461
12920695000.0,-63.474966498072966
12925693333.3,-63.48693935033998
12930691666.7,-62.60785570190069
12935690000.0,-63.675943460047826
12940688333.3,-63.26751774529292
12945686666.7,-63.40297935019916
12950685000.0,-62.51634430445235
12955683333.3,-63.28909828886214
12960681666.7,-62.56542382044793
12965680000.0,-63.09320436853422
12970678333.3,-62.805104716451766
12975676666.7,-63.73012236287255
12980675000.0,-63.18255632167288
12985673333.3,-63.783466990789506
12990671666.7,-63.25176994779057
12995670000.0,-62.710256066657266
13000668333.3,-63.9131414465811
13005666666.7,-63.5029013372716
13010665000.0,-63.63656986330489
13015663333.3,-63.32101813431429
13020661666.7,-64.21378015213119
13025660000.0,-63.45379789737681
13030658333.3,-63.30014941351621
13035656666.7,-62.88804782866167
13040655000.0,-63.17068415522685
13045653333.3,-62.37847461986764
13050651666.7,-63.14478426190186
13055650000.0,-63.21119189801279
13060648333.3,-62.807913177822215
13065646666.7,-63.6900526575525
13070645000.0,-63.083456120245415
13075643333.3,-63.780382878121955
13080641666.7,-62.767321654903405
13085640000.0,-62.59662702396721
13090638333.3,-63.216225849228636
13095636666.7,-63.07999961209548
13100635000.0,-62.97530316015727
13105633333.3,-64.02630463395046
13110631666.7,-63.478995326427
13115630000.0,-63.14236663045219
13120628333.3,-63.61360302153214
13125626666.7,-63.63167492449668
13130625000.0,-63.01563935056082
13135623333.3,-62.86992489248103
13140621666.7,-63.30535531694573
13145620000.0,-63.11061656847844
13150618333.3,-62.966935326203945
13155616666.7,-63.11707180857049
13160615000.0,-63.105434291211864
13165613333.3,-62.69784519463415
13170611666.7,-62.736518848343366
13175610000.0,-62.87199836627579
13180608333.3,-63.06090705657461
13185606666.7,-63.56280830813389
13190605000.0,-63.62237812922855
13195603333.3,-63.20829096121015
13200601666.7,-63.05227824711668
13205600000.0,-62.949253420909926
13210598333.3,-63.16123779262607
13215596666.7,-63.16347560673029
13220595000.0,-63.07211267028069
13225593333.3,-63.29684387163215
13230591666.7,-63.260432251948814
13235590000.0,-64.28641358025166
13240588333.3,-62.34510027454221
13245586666.7,-63.732366477033516
13250585000.0,-63.407805837099254
13255583333.3,-63.79151685361424
13260581666.7,-64.10350731871239
13265580000.0,-63.244232227235635
13270578333.3,-63.67553034910226
13275576666.7,-63.58387166950324
13280575000.0,-64.41949900797691
13285573333.3,-63.845414520783606
13290571666.7,-63.228376530302626
13295570000.0,-63.76462732319503
13300568333.3,-63.04758920885646
13305566666.7,-63.156146574476836
13310565000.0,-64.3300663110295
13315563333.3,-62.83881050752717
13320561666.7,-63.698247968630085
13325560000.0,-63.62741274450098
13330558333.3,-64.0912888784983
13335556666.7,-63.760127787356595
13340555000.0,-64.31125226323117
13345553333.3,-64.85838059359482
13350551666.7,-64.18081561220556
13355550000.0,-64.08032456485108
13360548333.3,-63.6456959836662
13365546666.7,-63.777961766648644
13370545000.0,-63.658909126615875
13375543333.3,-63.728067416007754
13380541666.7,-63.6676593106142
13385540000.0,-63.646597883234044
13390538333.3,-63.52956760789992
13395536666.7,-63.042752705956026
13400535000.0,-63.710559884280215
13405533333.3,-63.041364528071796
13410531666.7,-63.86051167939044
13415530000.0,-63.710715460699504
13420528333.3,-63.371234793592
13425526666.7,-63.69784064512398
13430525000.0,-64.55507041680185
13435523333.3,-64.22344876640877
13440521666.7,-63.97618430619043
13445520000.0,-63.89530975581835
13450518333.3,-64.37643999390586
13455516666.7,-63.822454765021284
13460515000.0,-63.85474966024848
13465513333.3,-63.193565944343646
13470511666.7,-64.02319353989861
13475510000.0,-64.54634748347453
13480508333.3,-64.45800179247568
13485506666.7,-64.31893402453613
13490505000.0,-65.25396534270664
13495503333.3,-64.30167600535883
13500501666.7,-63.77716292385311
13505500000.0,-63.84801764787852
13510498333.3,-64.5471286236853
13515496666.7,-64.49049265536556
13520495000.0,-64.47572485117506
13525493333.3,-63.63225117955033
13530491666.7,-64.20351778487736
13535490000.0,-64.89900435364724
13540488333.3,-64.50415067726864
13545486666.7,-64.67930633757858
13550485000.0,-64.77962955980699
13555483333.3,-64.77210039487393
13560481666.7,-65.73909877011855
13565480000.0,-64.83316886955807
13570478333.3,-65.00711005183317
13575476666.7,-65.07609963199965
13580475000.0,-64.43543555329119
13585473333.3,-65.4472116238532
13590471666.7,-64.78156787280257
13595470000.0,-65.2062556234471
13600468333.3,-65.26438323062376
13605466666.7,-65.20958715475237
13610465000.0,-64.95257611611022
13615463333.3,-64.85288726814673
13620461666.7,-65.66753338500729
13625460000.0,-64.70872839320288
13630458333.3,-65.66750810025096
13635456666.7,-65.48094089683359
13640455000.0,-65.33264774668302
13645453333.3,-65.73648361818711
13650451666.7,-65.23879685683855
13655450000.0,-64.16982504731455
13660448333.3,-64.60578414796859
13665446666.7,-63.98290671298259
13670445000.0,-65.8879955088498
13675443333.3,-64.91762224513622
13680441666.7,-63.83476309549219
13685440000.0,-64.53466600565972
13690438333.3,-64.59507448017752
13695436666.7,-64.09884712437999
13700435000.0,-64.42993159075148
13705433333.3,-65.0186846202933
13710431666.7,-65.27846863743171
13715430000.0,-64.93940458705652
13720428333.3,-64.99818528003405
13725426666.7,-64.23905107111241
13730425000.0,-64.38567366161644
13735423333.3,-64.22065287432795
13740421666.7,-64.57583860198075
13745420000.0,-63.91394442814983
13750418333.3,-64.87108544561232
13755416666.7,-64.79738858152142
13760415000.0,-65.27274379141703
13765413333.3,-64.56936682820353
13770411666.7,-64.26793962723166
13775410000.0,-64.84127468060835
13780408333.3,-64.9025006539454
13785406666.7,-64.36337168252099
13790405000.0,-64.95246395892482
13795403333.3,-65.63387085602051
13800401666.7,-64.4444503522247
13805400000.0,-64.8177655010997
13810398333.3,-66.39325215864996
13815396666.7,-65.47820611536288
13820395000.0,-65.53108930040834
13825393333.3,-64.91077410817294
13830391666.7,-65.03672256518644
13835390000.0,-65.11468029345075
13840388333.3,-65.30847926192556
13845386666.7,-64.60172560218241
13850385000.0,-65.49020343858243
13855383333.3,-64.66922523336235
13860381666.7,-65.94218764443772
13865380000.0,-67.01372203413504
13870378333.3,-65.33609738024636
13875376666.7,-65.14269301030095
13880375000.0,-65.99204272162937
13885373333.3,-65.2603513459184
13890371666.7,-65.6808651935783
13895370000.0,-65.37624829217617
13900368333.3,-64.80462587671045
13905366666.7,-65.66997831635989
13910365000.0,-65.21842467858197
13915363333.3,-65.0441301790322
13920361666.7,-65.26836523358907
13925360000.0,-65.90358262709026
13930358333.3,-64.69944360333494
13935356666.7,-65.99082228082133
13940355000.0,-65.33673681956569
13945353333.3,-65.08206795868391
13950351666.7,-65.0223896981387
13955350000.0,-65.89516627703587
13960348333.3,-65.36854628065755
13965346666.7,-65.713415481241
13970345000.0,-65.03994654570816
13975343333.3,-64.78756640608788
13980341666.7,-63.82010717624891
13985340000.0,-65.50680897100497
13990338333.3,-65.5940853722455
13995336666.7,-64.8779807972881
14000335000.0,-65.60074807115284
14005333333.3,-64.6134128934116
14010331666.7,-64.78494534413757
14015330000.0,-64.22785962009628
14020328333.3,-64.0488926814608
14025326666.7,-65.18146311893635
14030325000.0,-64.25966639363526
14035323333.3,-64.53294957674817
14040321666.7,-65.0440236910289
14045320000.0,-64.33824853443188
14050318333.3,-63.962300720305755
14055316666.7,-64.82638171412563
14060315000.0,-64.32368443473847
14065313333.3,-63.57359696023835
14070311666.7,-64.8163365818383
14075310000.0,-64.37647012041752
14080308333.3,-64.62080305927608
14085306666.7,-65.2352132919633
14090305000.0,-64.47786696676388
14095303333.3,-65.61919362147474
14100301666.7,-64.35701096335568
14105300000.0,-65.02894430340326
14110298333.3,-65.31154044537429
14115296666.7,-64.34331420569387
14120295000.0,-64.54593532418849
14125293333.3,-65.2010660152647
14130291666.7,-65.03193049473965
14135290000.0,-64.66795621580712
14140288333.3,-65.80803824015406
14145286666.7,-64.89383202536942
14150285000.0,-64.91771579318991
14155283333.3,-64.82503358255333
14160281666.7,-64.78346830539574
14165280000.0,-64.36450693401096
14170278333.3,-66.32216929773905
14175276666.7,-64.57992156650707
14180275000.0,-64.59683578579417
14185273333.3,-64.97213782849283
14190271666.7,-65.2854578786566
14195270000.0,-65.46071019575366
14200268333.3,-65.51866401387143
14205266666.7,-64.7426094535869
14210265000.0,-65.33183419572596
14215263333.3,-65.32472433044438
14220261666.7,-64.99062211002932
14225260000.0,-64.92456799084633
14230258333.3,-65.526960467508
14235256666.7,-64.85785042591873
14240255000.0,-65.63269213036035
14245253333.3,-65.45034051672408
14250251666.7,-64.91460828296745
14255250000.0,-64.59972679650768
14260248333.3,-64.16643701543396
14265246666.7,-64.83430759361062
14270245000.0,-66.63941998472545
14275243333.3,-66.22596374570001
14280241666.7,-66.13774856755788
14285240000.0,-65.95628329032064
14290238333.3,-65.99701547406983
14295236666.7,-64.80834413582537
14300235000.0,-64.83241787281813
14305233333.3,-65.68929399492515
14310231666.7,-65.27822022925398
14315230000.0,-66.23386026109704
14320228333.3,-65.63290282567537
14325226666.7,-65.28987632413845
14330225000.0,-64.83765595661419
14335223333.3,-66.53082707034294
14340221666.7,-64.01160242606204
14345220000.0,-64.28329910888525
14350218333.3,-64.56056070770893
14355216666.7,-64.8610374292817
14360215000.0,-66.25383169064541
14365213333.3,-64.65533988553088
14370211666.7,-65.92221481944884
14375210000.0,-65.82376358233178
14380208333.3,-65.67718139589695
14385206666.7,-65.31941744077156
14390205000.0,-63.96482025853095
14395203333.3,-66.65589477672734
14400201666.7,-66.53824608466218
14405200000.0,-65.569616511054
14410198333.3,-65.47787298154061
14415196666.7,-65.48407376825946
14420195000.0,-64.66694097802996
14425193333.3,-65.94081832907648
14430191666.7,-65.9633754766452
14435190000.0,-65.96363921052126
14440188333.3,-65.42460764164674
14445186666.7,-66.37086027729991
14450185000.0,-65.29631245831764
14455183333.3,-66.10196080212873
14460181666.7,-65.59462775702778
14465180000.0,-66.47461061868259
14470178333.3,-66.1497722343262
14475176666.7,-65.19794463908285
14480175000.0,-65.37547857754183
14485173333.3,-66.92278086321308
14490171666.7,-66.98624053496324
14495170000.0,-66.41094414967613
14500168333.3,-66.5637037940983
14505166666.7,-65.6185057424366
14510165000.0,-65.76485767711371
14515163333.3,-66.0861203451742
14520161666.7,-66.0457984700461
14525160000.0,-66.77972204410906
14530158333.3,-65.80403345277483
14535156666.7,-65.85875500219915
14540155000.0,-66.35528340052475
14545153333.3,-66.45703546214523
14550151666.7,-66.01907785309915
14555150000.0,-66.90335261001209
14560148333.3,-66.81242173243612
14565146666.7,-67.23590205659501
14570145000.0,-67.12358285505624
14575143333.3,-66.10480410209838
14580141666.7,-67.75948913005259
14585140000.0,-67.28905381067788
14590138333.3,-65.88040385636808
14595136666.7,-67.47538679305006
14600135000.0,-66.81848187580907
14605133333.3,-67.09090221629933
14610131666.7,-66.19223716462146
14615130000.0,-66.76306955682844
14620128333.3,-67.27635192985329
14625126666.7,-66.60370098474448
14630125000.0,-65.66357191288002
14635123333.3,-65.7858155723608
14640121666.7,-67.87989796552102
14645120000.0,-67.17766368087611
14650118333.3,-67.80545343959712
14655116666.7,-66.99798930844551
14660115000.0,-66.31423940800737
14665113333.3,-65.35122084724901
14670111666.7,-66.0454059634988
14675110000.0,-65.94264390825633
14680108333.3,-66.2763599252633
14685106666.7,-65.63643783808979
14690105000.0,-67.22588714250726
14695103333.3,-65.86800297022435
14700101666.7,-67.08644289711062
14705100000.0,-66.63206277313965
14710098333.3,-65.76806847598493
14715096666.7,-66.38374565542448
14720095000.0,-66.09393723346206
14725093333.3,-66.43518739759914
14730091666.7,-67.02014071260793
14735090000.0,-66.3717375104028
14740088333.3,-65.96499710273598
14745086666.7,-65.72086552214111
14750085000.0,-65.39606820929117
14755083333.3,-65.56532431445004
14760081666.7,-65.14817734820846
14765080000.0,-64.70744914386296
14770078333.3,-65.95484405057054
14775076666.7,-65.82372706008633
14780075000.0,-66.45901694044055
14785073333.3,-66.09800300343585
14790071666.7,-66.45002044425122
14795070000.0,-66.06536034710976
14800068333.3,-66.95234527813787
14805066666.7,-67.31100661280452
14810065000.0,-67.14078790233677
14815063333.3,-65.84821473222496
14820061666.7,-66.5371460725533
14825060000.0,-66.24135597965633
14830058333.3,-65.99632780222399
14835056666.7,-67.3716663439315
14840055000.0,-66.66729564621006
14845053333.3,-66.05884228097105
14850051666.7,-66.4732792549072
14855050000.0,-66.56304247487317
14860048333.3,-67.63142372828075
14865046666.7,-65.76495579904136
14870045000.0,-67.47307273255673
14875043333.3,-66.62475617363611
14880041666.7,-67.93433911294127
14885040000.0,-67.55315317787453
14890038333.3,-67.75384034060335
14895036666.7,-67.4670314390284
14900035000.0,-67.13692598447427
14905033333.3,-67.42456394590805
14910031666.7,-67.47597690436733
14915030000.0,-67.90206968717312
14920028333.3,-67.09382162843833
14925026666.7,-67.81717774805783
14930025000.0,-66.64542450538009
14935023333.3,-66.270575936984
14940021666.7,-66.42547543984672
14945020000.0,-66.47317542519819
14950018333.3,-66.42364683493646
14955016666.7,-66.23387943906566
14960015000.0,-66.20921030256793
14965013333.3,-67.20798223717853
14970011666.7,-65.91413326806027
14975010000.0,-67.27312631370827
14980008333.3,-66.56868230145858
14985006666.7,-66.34562806056367
14990005000.0,-66.25396478070326
14995003333.3,-66.532304834171
15000001666.7,-65.71646563898003
15005000000.0,-66.38667328341394
15009998333.3,-66.04962293286397
15014996666.7,-66.63601192739394
15019995000.0,-66.76235610833973
15024993333.3,-65.69691938641441
15029991666.7,-67.7949390537202
15034990000.0,-66.03443555006555
15039988333.3,-65.59066088380042
15044986666.7,-66.71860485892383
15049985000.0,-66.14238865687136
15054983333.3,-66.75620094791539
15059981666.7,-65.54993761600942
15064980000.0,-66.88113923916421
15069978333.3,-66.1509879175851
15074976666.7,-66.44834344839501
15079975000.0,-65.98302852780131
15084973333.3,-65.61387641929767
15089971666.7,-66.62787557074336
15094970000.0,-65.22137454089078
15099968333.3,-65.77003224107662
15104966666.7,-65.58557174874024
15109965000.0,-65.99809018284921
15114963333.3,-67.44054334026994
15119961666.7,-65.21110603772703
15124960000.0,-65.82475236882456
15129958333.3,-66.0945086079611
15134956666.7,-66.03479339398703
15139955000.0,-65.2035647095557
15144953333.3,-66.67407221644629
15149951666.7,-67.99291198172196
15154950000.0,-65.84951954134952
15159948333.3,-66.1352396328513
15164946666.7,-67.70510643267853
15169945000.0,-66.79723455853862
15174943333.3,-65.35894939592086
15179941666.7,-66.02313630414683
15184940000.0,-66.44932754306208
15189938333.3,-66.97764875763988
15194936666.7,-67.01746635891678
15199935000.0,-67.3764109763109
15204933333.3,-67.459613335085
15209931666.7,-66.66020319616723
15214930000.0,-66.89238999043374
15219928333.3,-67.50321587280712
15224926666.7,-67.54224306376284
15229925000.0,-67.79163646056129
15234923333.3,-67.72069143717499
15239921666.7,-68.0527763947189
15244920000.0,-69.03250745024158
15249918333.3,-68.08807990735501
15254916666.7,-68.3939703021561
15259915000.0,-67.77901174755416
15264913333.3,-67.59937418169655
15269911666.7,-67.73817430304146
15274910000.0,-66.97295782536472
15279908333.3,-68.32057725290026
15284906666.7,-68.0452172129005
15289905000.0,-69.55504139174857
15294903333.3,-66.7528111693595
15299901666.7,-67.69621902042763
15304900000.0,-67.29383158056754
15309898333.3,-66.44347107208003
15314896666.7,-67.18540803596102
15319895000.0,-67.32412547724041
15324893333.3,-67.48484440552834
15329891666.7,-67.04229420434956
15334890000.0,-66.7705257687538
15339888333.3,-67.40150025280255
15344886666.7,-67.49362292012327
15349885000.0,-66.79797298975882
15354883333.3,-67.76556753877051
15359881666.7,-67.54276926886854
15364880000.0,-67.91768395345123
15369878333.3,-67.16282564813154
15374876666.7,-66.49090558156182
15379875000.0,-67.76147741580819
15384873333.3,-67.29689154735232
15389871666.7,-66.97574779969771
15394870000.0,-67.14481191255567
15399868333.3,-68.361819532211
15404866666.7,-67.37398662454973
15409865000.0,-67.98607016190819
15414863333.3,-67.68479571746053
15419861666.7,-67.77321415687817
15424860000.0,-66.94320169976118
15429858333.3,-68.79907425856986
15434856666.7,-68.34962783124683
15439855000.0,-68.48765562059515
15444853333.3,-69.65399415330188
15449851666.7,-66.6683414398267
15454850000.0,-67.67303960190289
15459848333.3,-68.50386383620109
15464846666.7,-66.27605223004403
15469845000.0,-66.7745026485172
15474843333.3,-68.4658294714498
15479841666.7,-67.89024126723145
15484840000.0,-67.11507279803638
15489838333.3,-69.99496292094804
15494836666.7,-68.19094599731156
15499835000.0,-67.82844019550157
15504833333.3,-67.18216729473778
15509831666.7,-67.01268175002463
15514830000.0,-67.93824682660146
15519828333.3,-67.34717239032719
15524826666.7,-69.50232396942346
15529825000.0,-68.14104396592418
15534823333.3,-68.11311511681679
15539821666.7,-68.18247069241377
15544820000.0,-68.85067420842779
15549818333.3,-68.60646284387528
15554816666.7,-68.6288972009667
15559815000.0,-69.63485161751963
15564813333.3,-69.28596598246294
15569811666.7,-68.53819770222668
15574810000.0,-68.96200434779287
15579808333.3,-68.93683763918565
15584806666.7,-68.52375146557051
15589805000.0,-69.82520474223837
15594803333.3,-69.08115691404838
15599801666.7,-69.30008882894741
15604800000.0,-69.46919638786736
15609798333.3,-67.6358427481527
15614796666.7,-71.2000300605946
15619795000.0,-68.87650326207087
15624793333.3,-67.6074876630287
15629791666.7,-67.56453840674317
15634790000.0,-68.74874197527205
15639788333.3,-67.33362309117413
15644786666.7,-67.05415528024258
15649785000.0,-67.37626833421255
15654783333.3,-68.40605819121964
15659781666.7,-67.46288998557796
15664780000.0,-66.38092251788406
15669778333.3,-67.94246087769396
15674776666.7,-68.96029884458027
15679775000.0,-66.42600338826522
15684773333.3,-68.81647898871991
15689771666.7,-68.90563294191342
15694770000.0,-68.18297216870963
15699768333.3,-67.14768146593728
15704766666.7,-68.14960192222475
15709765000.0,-67.8649477364583
15714763333.3,-68.12619326885986
15719761666.7,-69.13849529517853
15724760000.0,-67.23377279265553
15729758333.3,-68.83270531967216
15734756666.7,-67.66728111790597
15739755000.0,-67.46924988183879
15744753333.3,-68.57669213020532
15749751666.7,-68.19433273048502
15754750000.0,-69.51858248922511
15759748333.3,-67.86005338630143
15764746666.7,-68.99933210141396
15769745000.0,-68.28046916425444
15774743333.3,-67.81187451886015
15779741666.7,-70.0205910812526
15784740000.0,-69.2638879224039
15789738333.3,-70.35414722422311
15794736666.7,-69.80139067009334
15799735000.0,-70.20069878236151
15804733333.3,-68.53257001046035
15809731666.7,-67.85667613540456
15814730000.0,-68.49856445194808
15819728333.3,-69.63495572977969
15824726666.7,-68.57257046219944
15829725000.0,-68.60068385968073
15834723333.3,-70.38965875099093
15839721666.7,-67.44669944593801
15844720000.0,-68.51551776411013
15849718333.3,-66.95589595400564
15854716666.7,-67.49459678641266
15859715000.0,-67.55075625666292
15864713333.3,-68.88808156099788
15869711666.7,-68.8693324827967
15874710000.0,-67.86444784749403
15879708333.3,-67.61360803768811
15884706666.7,-67.65815041737713
15889705000.0,-67.0592726411382
15894703333.3,-69.61853195420562
15899701666.7,-68.27468454611045
15904700000.0,-66.79376573520531
15909698333.3,-67.62923950079686
15914696666.7,-67.88425956227525
15919695000.0,-68.948168218863
15924693333.3,-67.06846372918834
15929691666.7,-69.12017368572894
15934690000.0,-68.27348867802819
15939688333.3,-69.69089165940795
15944686666.7,-69.09223443756254
15949685000.0,-68.8931107034451
15954683333.3,-67.64288117600675
15959681666.7,-68.33337897438108
15964680000.0,-69.57750006777397
15969678333.3,-68.32196541997745
15974676666.7,-67.60094833990851
15979675000.0,-66.9713134569733
15984673333.3,-68.71417468227702
15989671666.7,-68.14013762904943
15994670000.0,-67.45509579316845
15999668333.3,-67.1096262884935
16004666666.7,-67.99606349287328
16009665000.0,-69.13490269211216
16014663333.3,-67.12030278448681
16019661666.7,-68.04536981134832
16024660000.0,-69.10043084936798
16029658333.3,-68.12193754429653
16034656666.7,-67.84818945932037
16039655000.0,-67.69164882740527
16044653333.3,-69.52436384989228
16049651666.7,-70.19957718820527
16054650000.0,-67.1168493968254
16059648333.3,-67.12291305944387
16064646666.7,-67.69800790296243
16069645000.0,-68.5490935087954
16074643333.3,-69.37124742442424
16079641666.7,-68.36143132121086
16084640000.0,-67.65344243791708
16089638333.3,-66.97775653612666
16094636666.7,-69.89544337826524
16099635000.0,-69.20982442739873
16104633333.3,-68.87417269357559
16109631666.7,-68.43431230453413
16114630000.0,-68.3831773013591
16119628333.3,-68.37489000064788
16124626666.7,-68.00076248543576
16129625000.0,-67.95837543691204
16134623333.3,-69.1263404375376
16139621666.7,-68.45445508770571
16144620000.0,-67.68207053014098
16149618333.3,-66.44868194065174
16154616666.7,-68.17619920553764
16159615000.0,-67.57234498940755
16164613333.3,-66.01441274817627
16169611666.7,-68.71264669384621
16174610000.0,-68.70069600703395
16179608333.3,-69.08140136671838
16184606666.7,-68.70097594101848
16189605000.0,-68.73586510715414
16194603333.3,-67.24936329643646
16199601666.7,-69.71071220557918
16204600000.0,-68.0227378163262
16209598333.3,-67.56881027977556
16214596666.7,-68.5047010874234
16219595000.0,-67.9718728559992
16224593333.3,-69.47033420219466
16229591666.7,-69.65203264544618
16234590000.0,-68.16625885314042
16239588333.3,-68.6891689016576
16244586666.7,-69.32615843880909
16249585000.0,-69.27764456527687
16254583333.3,-69.8211240677243
16259581666.7,-68.55269758727476
16264580000.0,-67.6375382602102
16269578333.3,-69.81854487567642
16274576666.7,-68.84274491798197
16279575000.0,-69.48172736642196
16284573333.3,-70.76857937520617
16289571666.7,-67.58440067864882
16294570000.0,-70.19480532174613
16299568333.3,-69.06564366973271
16304566666.7,-69.36111488483746
16309565000.0,-68.58281381402983
16314563333.3,-67.19280979503972
16319561666.7,-68.28783193492332
16324560000.0,-69.99663318249955
16329558333.3,-68.24738687487545
16334556666.7,-68.8129079635979
16339555000.0,-68.3969952479635
16344553333.3,-67.84307116111412
16349551666.7,-68.66295354724046
16354550000.0,-70.44530268560685
16359548333.3,-69.76025228259874
16364546666.7,-68.08392634385223
16369545000.0,-69.2052291049958
16374543333.3,-68.44182233392162
16379541666.7,-67.54814917408608
16384540000.0,-68.03644139379307
16389538333.3,-68.7882060657624
16394536666.7,-69.59334096864006
16399535000.0,-70.04578129665842
16404533333.3,-68.65861398449651
16409531666.7,-69.6231306940138
16414530000.0,-69.96297079576196
16419528333.3,-68.30897325435885
16424526666.7,-68.4821750183685
16429525000.0,-67.50862122348374
16434523333.3,-68.59605998200813
16439521666.7,-68.45762275053613
16444520000.0,-67.62426421644487
16449518333.3,-70.47178495332105
16454516666.7,-69.82614534901654
16459515000.0,-69.46546264196674
16464513333.3,-69.87487883533609
16469511666.7,-68.77248353778077
16474510000.0,-67.67462989583737
16479508333.3,-68.12941316062384
16484506666.7,-70.27613664931161
16489505000.0,-69.49590340216982
16494503333.3,-67.87703868687265
16499501666.7,-68.39169737430821
16504500000.0,-70.3209394057171
16509498333.3,-70.98886299422713
16514496666.7,-68.93676194641482
16519495000.0,-69.73500671363642
16524493333.3,-69.10410260212569
16529491666.7,-68.64791428698712
16534490000.0,-68.69055334721062
16539488333.3,-69.74471289190481
16544486666.7,-68.39316669062585
16549485000.0,-69.28472374816592
16554483333.3,-70.545609155882
16559481666.7,-69.12316679744583
16564480000.0,-69.29916946235582
16569478333.3,-69.76096199647833
16574476666.7,-69.49670197720017
16579475000.0,-68.6649171338463
16584473333.3,-69.51587941447949
16589471666.7,-69.07454712686226
16594470000.0,-70.0171789084499
16599468333.3,-69.01038234836838
16604466666.7,-68.9424277487049
16609465000.0,-68.57206461032641
16614463333.3,-68.63268975975625
16619461666.7,-68.24443967571325
16624460000.0,-67.79489999803128
16629458333.3,-68.49808736859956
16634456666.7,-70.48333457686718
16639455000.0,-70.24133216121456
16644453333.3,-68.69527574995811
16649451666.7,-71.24070024755424
16654450000.0,-69.29239899016669
16659448333.3,-68.44007933163381
16664446666.7,-69.27211923789085
16669445000.0,-67.65769094102608
16674443333.3,-70.09081830289819
16679441666.7,-69.04419733358048
16684440000.0,-67.7421450273413
16689438333.3,-68.77430217920994
16694436666.7,-68.76025931916455
16699435000.0,-67.86505325810056
16704433333.3,-68.44165773392433
16709431666.7,-67.90771394504912
16714430000.0,-68.16045905442482
16719428333.3,-68.66383780716687
16724426666.7,-68.95172708299178
16729425000.0,-69.49053947000395
16734423333.3,-68.70057800076634
16739421666.7,-69.51389976784378
16744420000.0,-68.86287407187089
16749418333.3,-67.6833409628491
16754416666.7,-69.17295120407678
16759415000.0,-69.2067135551589
16764413333.3,-69.07093839455474
16769411666.7,-67.37480428903383
16774410000.0,-69.03006065690863
16779408333.3,-69.76930709817877
16784406666.7,-69.58029252168414
16789405000.0,-68.71970693127773
16794403333.3,-68.2403281409416
16799401666.7,-69.28601959362015
16804400000.0,-69.28960674021259
16809398333.3,-71.65677240953742
16814396666.7,-70.32579493789203
16819395000.0,-68.93067554256812
16824393333.3,-70.02098852309358
16829391666.7,-68.42583676798586
16834390000.0,-70.71758537819088
16839388333.3,-69.1700502286586
16844386666.7,-69.39481740725364
16849385000.0,-68.63756473458987
16854383333.3,-70.38172318192095
16859381666.7,-70.76138991611049
16864380000.0,-69.9421380800523
16869378333.3,-68.42785307511414
16874376666.7,-71.09292663789418
16879375000.0,-69.01292381932416
16884373333.3,-70.70386770224192
16889371666.7,-69.62293018540504
16894370000.0,-69.73530986346981
16899368333.3,-69.25121845395115
16904366666.7,-70.78104553950271
16909365000.0,-70.28703685748015
16914363333.3,-68.30128442156098
16919361666.7,-70.60811844678233
16924360000.0,-69.84576087213941
16929358333.3,-69.14464773099431
16934356666.7,-69.86943323134953
16939355000.0,-69.92994976329857
16944353333.3,-67.80992981085478
16949351666.7,-68.3854704180567
16954350000.0,-70.30123726678113
16959348333.3,-68.14428656393326
16964346666.7,-70.54165282724541
16969345000.0,-68.2149239288822
16974343333.3,-68.8000247573468
16979341666.7,-67.26074411925778
16984340000.0,-67.91768286137886
16989338333.3,-69.25138301302778
16994336666.7,-67.96026784340613
16999335000.0,-68.42265775176705
17004333333.3,-67.97302645040436
17009331666.7,-67.51421856612603
17014330000.0,-70.54152521788338
17019328333.3,-68.68040055383241
17024326666.7,-66.81555715054462
17029325000.0,-66.37064825013117
17034323333.3,-66.94644491626053
17039321666.7,-66.92353308996474
17044320000.0,-68.55118867562241
17049318333.3,-68.35542365475247
17054316666.7,-67.37057537981946
17059315000.0,-68.53625023165787
17064313333.3,-68.63710438490243
17069311666.7,-68.77560345989264
17074310000.0,-69.05291346555138
17079308333.3,-68.15593636226386
17084306666.7,-69.90818983408536
17089305000.0,-68.60414668333206
17094303333.3,-70.99021094876827
17099301666.7,-69.1909128590292
17104300000.0,-68.64307649623997
17109298333.3,-67.69066547256668
17114296666.7,-68.38632257708008
17119295000.0,-67.86115871143073
17124293333.3,-68.61480859529864
17129291666.7,-67.98913207891688
17134290000.0,-66.7374209404786
17139288333.3,-70.66005255472166
17144286666.7,-69.07752186366184
17149285000.0,-68.63546612378853
17154283333.3,-68.96713459935515
17159281666.7,-68.51808758192409
17164280000.0,-70.29818705612398
17169278333.3,-70.77159864231211
17174276666.7,-68.59756293228575
17179275000.0,-69.4652070833227
17184273333.3,-69.73934137225682
17189271666.7,-69.81260267973593
17194270000.0,-72.06363843051021
17199268333.3,-69.56053868689052
17204266666.7,-69.16424538459975
17209265000.0,-68.87287978699256
17214263333.3,-69.2274670083489
17219261666.7,-66.88446735822896
17224260000.0,-68.97567076487687
17229258333.3,-68.93398981328949
17234256666.7,-70.5415589664831
17239255000.0,-71.43784953544993
17244253333.3,-68.66868729883397
17249251666.7,-69.91134623159948
17254250000.0,-67.65957950505152
17259248333.3,-69.54832291839402
17264246666.7,-70.41103693902954
17269245000.0,-69.77902200560705
17274243333.3,-70.06151907722654
17279241666.7,-67.59144576647857
17284240000.0,-67.92132566362685
17289238333.3,-67.87183001797916
17294236666.7,-67.29238739844723
17299235000.0,-68.88707918367412
17304233333.3,-67.73451428147732
17309231666.7,-68.15816353741232
17314230000.0,-67.95689405166995
17319228333.3,-68.63971350511525
17324226666.7,-68.37514080134973
17329225000.0,-68.84298144757511
17334223333.3,-67.12816510078319
17339221666.7,-69.76014557067985
17344220000.0,-68.21586159474401
17349218333.3,-69.80070084951498
17354216666.7,-69.2043600434616
17359215000.0,-69.38965948139214
17364213333.3,-68.83550045532508
17369211666.7,-69.57962644572541
17374210000.0,-70.07531180473842
17379208333.3,-68.79153350574613
17384206666.7,-70.29411039915074
17389205000.0,-68.63931344746548
17394203333.3,-68.9311376969198
17399201666.7,-67.8660696706707
17404200000.0,-69.56038524659843
17409198333.3,-71.91881588249652
17414196666.7,-68.03712604670501
17419195000.0,-70.3973459299978
17424193333.3,-70.79749976947576
17429191666.7,-69.25982678113738
17434190000.0,-68.7778902468022
17439188333.3,-69.96130303477355
17444186666.7,-69.44144419017887
17449185000.0,-68.52745852876005
17454183333.3,-70.70540361927902
17459181666.7,-67.7194468958349
17464180000.0,-68.96085801100377
17469178333.3,-69.56638705565828
17474176666.7,-70.25041595453763
17479175000.0,-70.54270123807659
17484173333.3,-69.00016801279374
17489171666.7,-69.63752456149865
17494170000.0,-70.07919578616935
17499168333.3,-69.29359755694759
17504166666.7,-67.4974546623985
17509165000.0,-67.54053211080587
17514163333.3,-68.47503350709283
17519161666.7,-70.35994083611428
17524160000.0,-69.87612006742508
17529158333.3,-70.12154209453554
17534156666.7,-68.95798193121253
17539155000.0,-68.90914865207257
17544153333.3,-69.39000279463369
17549151666.7,-70.759257008177
17554150000.0,-70.19424148805336
17559148333.3,-69.62066362245392
17564146666.7,-70.29052500387671
17569145000.0,-69.16261781997402
17574143333.3,-68.3749240627023
17579141666.7,-68.05850163435755
17584140000.0,-69.44105816351227
17589138333.3,-68.10126266523628
17594136666.7,-68.50661663982498
17599135000.0,-69.33743336237019
17604133333.3,-67.80807505817171
17609131666.7,-68.7595555614653
17614130000.0,-71.78480436119068
17619128333.3,-68.89596484743173
17624126666.7,-69.23116566228062
17629125000.0,-68.71583346126465
17634123333.3,-68.78483095960475
17639121666.7,-69.96193453758085
17644120000.0,-68.94872890211686
17649118333.3,-70.4824468736145
17654116666.7,-70.74978517954551
17659115000.0,-71.36852349078437
17664113333.3,-68.60497087145264
17669111666.7,-70.5204536239479
17674110000.0,-70.03393305447528
17679108333.3,-68.87955816565596
17684106666.7,-68.17095057179746
17689105000.0,-69.1844599689419
17694103333.3,-69.49495376381404
17699101666.7,-70.12204613758298
17704100000.0,-68.8577000171866
17709098333.3,-70.47648965678474
17714096666.7,-69.93359177542101
17719095000.0,-68.538938817436
17724093333.3,-68.77353067526488
17729091666.7,-69.18386019365312
17734090000.0,-69.46311676494719
17739088333.3,-69.556459572186
17744086666.7,-68.57092435919606
17749085000.0,-68.3690707806404
17754083333.3,-70.0591752732993
17759081666.7,-68.19432190343501
17764080000.0,-67.06391889365874
17769078333.3,-69.90233614417853
17774076666.7,-69.47150337319039
17779075000.0,-68.49955442000339
17784073333.3,-67.15486929960537
17789071666.7,-68.17816713696017
17794070000.0,-67.93961201764245
17799068333.3,-67.88895174196801
17804066666.7,-68.16807827805447
17809065000.0,-68.79645054328029
17814063333.3,-67.68829933847664
17819061666.7,-68.68272428708151
17824060000.0,-67.25833845321544
17829058333.3,-69.65553695132667
17834056666.7,-69.63703043693195
17839055000.0,-70.1832032789345
17844053333.3,-69.11748292317624
17849051666.7,-67.98163258465202
17854050000.0,-68.45038032993203
17859048333.3,-69.08710185647104
17864046666.7,-70.27151887746312
17869045000.0,-68.94918282307977
17874043333.3,-68.38093163462473
17879041666.7,-68.95748357629603
17884040000.0,-69.12509424459857
17889038333.3,-69.81236379459118
17894036666.7,-70.78943631895248
17899035000.0,-67.97073972910832
17904033333.3,-69.90081202073755
17909031666.7,-68.02558863821733
17914030000.0,-69.60002352225338
17919028333.3,-70.48562427883641
17924026666.7,-71.0946398835675
17929025000.0,-68.88602263232656
17934023333.3,-68.44907176703938
17939021666.7,-69.4626822066123
17944020000.0,-69.95302312176524
17949018333.3,-69.01343774097681
17954016666.7,-67.86080696927135
17959015000.0,-69.02067535250998
17964013333.3,-69.13096651535719
17969011666.7,-69.28816478410613
17974010000.0,-68.19625904321677
17979008333.3,-67.85731295608278
17984006666.7,-68.34240905227136
17989005000.0,-68.44087587965677
17994003333.3,-68.88633639873602
17999001666.7,-69.07451066602992
18004000000.0,-67.60770470595232
18008998333.3,-67.44499806802676
18013996666.7,-68.90521424193261
18018995000.0,-66.85449827327174
18023993333.3,-69.27437080287518
18028991666.7,-69.7361162037642
18033990000.0,-69.43596615758345
18038988333.3,-69.53640021643446
18043986666.7,-69.92519893761768
18048985000.0,-68.78842950386476
18053983333.3,-69.28677638037038
18058981666.7,-68.6037426641848
18063980000.0,-69.73923574056535
18068978333.3,-67.56165891669505
18073976666.7,-71.92275011892957
18078975000.0,-68.16431012834302
18083973333.3,-68.92064992394728
18088971666.7,-69.21068451721152
18093970000.0,-68.09687426524681
18098968333.3,-69.660550358462
18103966666.7,-70.50333371739345
18108965000.0,-68.06514316637185
18113963333.3,-70.00162790379746
18118961666.7,-68.64009749712409
18123960000.0,-68.83037357065972
18128958333.3,-68.47645048903604
18133956666.7,-69.8847523404906
18138955000.0,-69.3743885006634
18143953333.3,-69.02942525503012
18148951666.7,-68.90250361638755
18153950000.0,-69.90508054652189
18158948333.3,-69.85224169809469
18163946666.7,-69.96688849656593
18168945000.0,-69.75321817994781
18173943333.3,-69.22159469770729
18178941666.7,-70.3154057148624
18183940000.0,-69.83332663274888
18188938333.3,-68.29792622696263
18193936666.7,-69.26382719903668
18198935000.0,-71.72003039654668
18203933333.3,-69.40324441888282
18208931666.7,-69.85568530812104
18213930000.0,-68.38451342055008
18218928333.3,-70.68633973634961
18223926666.7,-69.4599349830416
18228925000.0,-69.37078095098634
18233923333.3,-68.57998253098987
18238921666.7,-69.89058821247012
18243920000.0,-69.63555480757823
18248918333.3,-69.37708711703637
18253916666.7,-69.20659431437839
18258915000.0,-69.61294848701593
18263913333.3,-70.12075126711773
18268911666.7,-69.5841205764056
18273910000.0,-69.18378041094397
18278908333.3,-69.3348237937423
18283906666.7,-70.31226346998133
18288905000.0,-70.19824287958548
18293903333.3,-67.79013668495597
18298901666.7,-69.14789757640432
18303900000.0,-72.96675208206152
18308898333.3,-70.95405766175494
18313896666.7,-71.13379768990427
18318895000.0,-70.65345427326528
18323893333.3,-70.15009851709507
18328891666.7,-70.97081809525255
18333890000.0,-69.55973042643866
18338888333.3,-70.25201944775117
18343886666.7,-69.42168386774306
18348885000.0,-70.82034195598264
18353883333.3,-68.83420493102416
18358881666.7,-72.30928382817274
18363880000.0,-69.24173111622068
18368878333.3,-70.50553193038891
18373876666.7,-69.99535115507344
18378875000.0,-70.03626654313871
18383873333.3,-68.52697933417049
18388871666.7,-70.76788302616406
18393870000.0,-70.25890287220338
18398868333.3,-68.0390791077129
18403866666.7,-68.7464447517617
18408865000.0,-70.60005101961583
18413863333.3,-70.51988191439293
18418861666.7,-70.88114038356433
18423860000.0,-71.06071300199497
18428858333.3,-69.41310942079865
18433856666.7,-68.17250488663387
18438855000.0,-67.564345709726
18443853333.3,-69.85962747814786
18448851666.7,-69.58272147734654
18453850000.0,-68.38620132795546
18458848333.3,-69.63476255048496
18463846666.7,-67.45996296925834
18468845000.0,-69.28116516536105
18473843333.3,-69.25811642402135
18478841666.7,-68.34700364507543
18483840000.0,-69.1189332754249
18488838333.3,-71.43736291183542
18493836666.7,-69.04411836032776
18498835000.0,-70.57683624572044
18503833333.3,-69.38642530742192
18508831666.7,-68.81687997166853
18513830000.0,-68.47392786361782
18518828333.3,-69.50729551128536
18523826666.7,-69.76189170344287
18528825000.0,-70.91261559428624
18533823333.3,-68.55774574772256
18538821666.7,-69.70510571500535
18543820000.0,-69.75327619566173
18548818333.3,-70.29985193830198
18553816666.7,-72.35807061085114
18558815000.0,-71.01351616515285
18563813333.3,-69.6956714132289
18568811666.7,-70.8734558213336
18573810000.0,-69.02913832934907
18578808333.3,-70.01582684882175
18583806666.7,-71.48284572063255
18588805000.0,-71.23507724882869
18593803333.3,-68.99054885485853
18598801666.7,-70.29152294823889
18603800000.0,-69.114368957849
18608798333.3,-69.25001800783642
18613796666.7,-69.61149170169575
18618795000.0,-69.84424721614941
18623793333.3,-69.92105875427993
18628791666.7,-68.75246598083638
18633790000.0,-68.37437764126149
18638788333.3,-70.24297980580577
18643786666.7,-70.83649142209852
18648785000.0,-71.11628573099682
18653783333.3,-67.5723486806616
18658781666.7,-70.12542141851392
18663780000.0,-70.52205384574417
18668778333.3,-68.91302920753469
18673776666.7,-69.3523638045837
18678775000.0,-69.50154718518179
18683773333.3,-71.28884597401618
18688771666.7,-70.45236970605056
18693770000.0,-70.8956238059278
18698768333.3,-69.03138738517913
18703766666.7,-67.37410210001914
18708765000.0,-68.93816650719496
18713763333.3,-70.5875768734317
18718761666.7,-69.15512455024103
18723760000.0,-68.39131855874729
18728758333.3,-68.95608811236067
18733756666.7,-69.90287410741368
18738755000.0,-68.34299515464193
18743753333.3,-69.67010875743348
18748751666.7,-69.19284311360067
18753750000.0,-69.75454370859346
18758748333.3,-68.63377457144806
18763746666.7,-68.70927578162886
18768745000.0,-72.00486655756482
18773743333.3,-69.68031430867401
18778741666.7,-68.36729477475242
18783740000.0,-68.62032638200584
18788738333.3,-69.03866762585098
18793736666.7,-67.06021626324971
18798735000.0,-68.34332448196774
18803733333.3,-70.33519329513408
18808731666.7,-69.27068747560381
18813730000.0,-71.23170972393824
18818728333.3,-71.64039744522444
18823726666.7,-68.6129882389708
18828725000.0,-70.41363053154595
18833723333.3,-69.17114412320512
18838721666.7,-70.60322077132216
18843720000.0,-69.20142187054563
18848718333.3,-70.40691669131303
18853716666.7,-70.40172706089018
18858715000.0,-71.24420682509825
18863713333.3,-71.5555602086522
18868711666.7,-72.39966989233065
18873710000.0,-71.21404780340255
18878708333.3,-70.76588149402481
18883706666.7,-71.0098136826769
18888705000.0,-69.51955683803946
18893703333.3,-68.91357680402731
18898701666.7,-69.79556349074228
18903700000.0,-70.66342938695827
18908698333.3,-69.30787244360131
18913696666.7,-71.43723761624025
18918695000.0,-68.24422333141877
18923693333.3,-70.11634301333638
18928691666.7,-68.93696522744749
18933690000.0,-70.02244753307842
18938688333.3,-71.18146104267144
18943686666.7,-69.06819715650256
18948685000.0,-69.39016431883392
18953683333.3,-70.02681382025058
18958681666.7,-70.71532809083394
18963680000.0,-70.35133294015608
18968678333.3,-68.8702663715958
18973676666.7,-68.94043719327135
18978675000.0,-69.51275614236914
18983673333.3,-71.5513048271768
18988671666.7,-69.89156058210179
18993670000.0,-70.77231950399761
18998668333.3,-71.08796225014838
19003666666.7,-69.54607145860189
19008665000.0,-69.91217251260983
19013663333.3,-71.29765094747398
19018661666.7,-70.06490829805684
19023660000.0,-71.96416645870448
19028658333.3,-69.9018196549541
19033656666.7,-71.5325296327788
19038655000.0,-70.40204241912134
19043653333.3,-69.64088025739342
19048651666.7,-70.22334152704563
19053650000.0,-72.10834646776235
19058648333.3,-71.44305038799472
19063646666.7,-70.77614663407624
19068645000.0,-69.87866033165272
19073643333.3,-69.90280874373971
19078641666.7,-70.28441811356531
19083640000.0,-71.03362013538316
19088638333.3,-69.03333097735874
19093636666.7,-70.05388588769283
19098635000.0,-70.81644450261209
19103633333.3,-71.26338117684861
19108631666.7,-70.91096146975102
19113630000.0,-69.0250838141226
19118628333.3,-68.19106733326522
19123626666.7,-69.92600572139129
19128625000.0,-69.63603890967453
19133623333.3,-70.50522444321858
19138621666.7,-70.64287415656091
19143620000.0,-68.77630546017876
19148618333.3,-69.30610478878847
19153616666.7,-69.10919952757186
19158615000.0,-69.81596057235132
19163613333.3,-71.44101046070439
19168611666.7,-70.0150246421101
19173610000.0,-69.74592076826536
19178608333.3,-69.83166833078882
19183606666.7,-69.25572309447425
19188605000.0,-69.95009041672505
19193603333.3,-68.28371210517527
19198601666.7,-69.86428488217649
19203600000.0,-70.12305989724659
19208598333.3,-68.6105569018961
19213596666.7,-67.73212108969976
19218595000.0,-70.4122907811754
19223593333.3,-68.24454529413067
19228591666.7,-71.05348962216821
19233590000.0,-69.278747377922
19238588333.3,-69.8133471584268
19243586666.7,-70.8424723297455
19248585000.0,-70.07282145050561
19253583333.3,-69.88027672264346
19258581666.7,-71.15577559339579
19263580000.0,-70.48454633436913
19268578333.3,-68.73318264480686
19273576666.7,-69.19375343090374
19278575000.0,-70.89560827260507
19283573333.3,-68.24846460225157
19288571666.7,-70.11068317496657
19293570000.0,-68.61828479225252
19298568333.3,-70.53752457495995
19303566666.7,-69.28138357760358
19308565000.0,-69.28725158722644
19313563333.3,-70.33931663448668
19318561666.7,-69.66669423686349
19323560000.0,-69.428135411305
19328558333.3,-69.9189565184992
19333556666.7,-70.40204923349636
19338555000.0,-70.03332997541305
19343553333.3,-70.7286020684472
19348551666.7,-72.63719298171091
19353550000.0,-69.24028656911715
19358548333.3,-70.82700829289591
19363546666.7,-69.82575497288444
19368545000.0,-68.76304626673436
19373543333.3,-69.93014702208505
19378541666.7,-68.2546310028434
19383540000.0,-69.7818987314825
19388538333.3,-67.71634377650169
19393536666.7,-67.68290817661769
19398535000.0,-70.62376368736915
19403533333.3,-69.36979526885735
19408531666.7,-69.00605124958726
19413530000.0,-69.23092327276257
19418528333.3,-68.10083660927754
19423526666.7,-68.85305142235485
19428525000.0,-68.08545215158406
19433523333.3,-67.77754798779392
19438521666.7,-68.04606210285289
19443520000.0,-67.86585204394532
19448518333.3,-67.93587127462477
19453516666.7,-68.29822130878368
19458515000.0,-67.98435823382962
19463513333.3,-69.57457459149259
19468511666.7,-70.11324451370294
19473510000.0,-68.77239796286469
19478508333.3,-67.70116787203312
19483506666.7,-69.5296630655404
19488505000.0,-68.41336813717368
19493503333.3,-68.15342609317533
19498501666.7,-66.96376370756295
19503500000.0,-69.7732268618639
19508498333.3,-69.7113728111352
19513496666.7,-68.51767323848333
19518495000.0,-68.78280891851188
19523493333.3,-69.30100148771197
19528491666.7,-70.1751040560578
19533490000.0,-70.31526069294868
19538488333.3,-70.85201842780316
19543486666.7,-71.907079900298
19548485000.0,-68.12054272037267
19553483333.3,-69.95986288736046
19558481666.7,-69.27543946957445
19563480000.0,-69.72826772016248
19568478333.3,-71.3938571567792
19573476666.7,-70.20692720980372
19578475000.0,-70.79377335272909
19583473333.3,-68.53206691075061
19588471666.7,-69.71350898056117
19593470000.0,-69.885953273226
19598468333.3,-72.3767405052956
19603466666.7,-67.7210273000638
19608465000.0,-70.55774254037229
19613463333.3,-68.57827917764966
19618461666.7,-70.49545824438462
19623460000.0,-71.70023343011385
19628458333.3,-72.36864725580267
19633456666.7,-70.18293586042643
19638455000.0,-71.56258016018639
19643453333.3,-72.19642664012406
19648451666.7,-70.02420757102063
19653450000.0,-68.20821419271209
19658448333.3,-67.86726612098381
19663446666.7,-68.53996200333785
19668445000.0,-68.49880954578373
19673443333.3,-69.11078403233829
19678441666.7,-71.68090312330179
19683440000.0,-70.71625569460993
19688438333.3,-71.108156925596
19693436666.7,-72.664036586488
19698435000.0,-69.80679509333275
19703433333.3,-70.56348291783047
19708431666.7,-71.03045257389044
19713430000.0,-69.9305301706031
19718428333.3,-69.8229269613637
19723426666.7,-70.0287985343901
19728425000.0,-68.74268255558825
19733423333.3,-68.98392819563888
19738421666.7,-71.14205452411355
19743420000.0,-69.34182368090299
19748418333.3,-68.52898206272228
19753416666.7,-68.97978568224939
19758415000.0,-68.75564098893855
19763413333.3,-70.26444506721607
19768411666.7,-69.4736413619018
19773410000.0,-69.7025875712598
19778408333.3,-70.31115272562664
19783406666.7,-69.0685691795276
19788405000.0,-70.65981163393974
19793403333.3,-70.0666217234581
19798401666.7,-70.5097391485146
19803400000.0,-68.15481803069245
19808398333.3,-69.79291005388203
19813396666.7,-72.82052081603571
19818395000.0,-69.9016536986939
19823393333.3,-69.34237686943217
19828391666.7,-70.25011094630344
19833390000.0,-71.17842641216535
19838388333.3,-69.81525468737686
19843386666.7,-70.00182012751718
19848385000.0,-70.52202698876613
19853383333.3,-71.50051690486524
19858381666.7,-71.40571960417226
19863380000.0,-73.10893740682981
19868378333.3,-70.10564395790747
19873376666.7,-70.76011429741973
19878375000.0,-70.73819036624286
19883373333.3,-71.50150880848017
19888371666.7,-72.86185572968779
19893370000.0,-70.28471864711874
19898368333.3,-73.50503060705778
19903366666.7,-68.25675222315344
19908365000.0,-70.45557863369027
19913363333.3,-70.1060574645111
19918361666.7,-70.40420612928061
19923360000.0,-69.74031192181766
19928358333.3,-69.07684920353509
19933356666.7,-69.83627571831997
19938355000.0,-70.22034954204341
19943353333.3,-70.44479496846186
19948351666.7,-70.39077404729552
19953350000.0,-70.86605041183071
19958348333.3,-71.02138658617437
19963346666.7,-70.1046865343359
19968345000.0,-70.92938739678127
19973343333.3,-75.34581012751273
19978341666.7,-68.54691864884148
19983340000.0,-71.19647533944162
19988338333.3,-70.05275373759585
19993336666.7,-71.13420107065375
19998335000.0,-69.76483127053254
20003333333.3,-70.84399273664974
20008331666.7,-68.99670554805408
20013330000.0,-70.45533339029653
20018328333.3,-70.53357920474902
20023326666.7,-70.67354713510676
20028325000.0,-71.16685157129024
20033323333.3,-72.95088098480403
20038321666.7,-68.87797445104252
20043320000.0,-72.1514700447354
20048318333.3,-70.38301794039086
20053316666.7,-70.57372527185693
20058315000.0,-71.10020505181498
20063313333.3,-70.21280862045445
20068311666.7,-70.2244426232347
20073310000.0,-70.74268698552433
20078308333.3,-70.57773662350607
20083306666.7,-69.61378456527801
20088305000.0,-68.12174731063439
20093303333.3,-69.01110320331048
20098301666.7,-71.6073696225476
20103300000.0,-69.61132718203812
20108298333.3,-69.30439949793555
20113296666.7,-72.02989623156594
20118295000.0,-71.1964727458343
20123293333.3,-72.5588587042648
20128291666.7,-71.15643329730237
20133290000.0,-68.99371754900932
20138288333.3,-71.104337031224
20143286666.7,-71.66711245635446
20148285000.0,-71.58063083223895
20153283333.3,-69.56728140602102
20158281666.7,-70.5496713182699
20163280000.0,-72.32590660756813
20168278333.3,-72.69350214199251
20173276666.7,-69.88741235269701
20178275000.0,-70.02734188850843
20183273333.3,-71.00649352543208
20188271666.7,-70.67585581638195
20193270000.0,-71.99720242924359
20198268333.3,-69.79732729964593
20203266666.7,-72.86154859462543
20208265000.0,-70.80397860719006
20213263333.3,-71.89320401954815
20218261666.7,-71.87107248011125
20223260000.0,-72.23825847980946
20228258333.3,-70.35706223104785
20233256666.7,-69.82278047437204
20238255000.0,-72.88541674906755
20243253333.3,-70.25830181175766
20248251666.7,-69.55592894600919
20253250000.0,-71.10452434837406
20258248333.3,-70.02023876527913
20263246666.7,-69.69834847697415
20268245000.0,-70.10271188686241
20273243333.3,-70.47398370297361
20278241666.7,-68.72409818546656
20283240000.0,-71.99364546398567
20288238333.3,-71.06498577676626
20293236666.7,-70.37958197706759
20298235000.0,-71.30135355263407
20303233333.3,-71.43074885189063
20308231666.7,-71.32099824553579
20313230000.0,-71.14820058006421
20318228333.3,-69.69292017284558
20323226666.7,-70.90553463110608
20328225000.0,-71.10448043589683
20333223333.3,-69.87005652357786
20338221666.7,-70.96879669148717
20343220000.0,-71.65101212637174
20348218333.3,-70.45606795520597
20353216666.7,-71.50112356482248
20358215000.0,-69.04715446745485
20363213333.3,-69.40842731050745
20368211666.7,-68.87414594281417
20373210000.0,-69.8172274172313
20378208333.3,-70.25109809545883
20383206666.7,-70.07420220326972
20388205000.0,-71.12058082727
20393203333.3,-74.13227645663565
20398201666.7,-71.9449934932302
20403200000.0,-71.34088596159496
20408198333.3,-71.3844742425193
20413196666.7,-69.82214352261336
20418195000.0,-69.88696969797506
20423193333.3,-71.33047234945417
20428191666.7,-70.53244103171268
20433190000.0,-71.41000815766658
20438188333.3,-69.82635525729444
20443186666.7,-71.61672296099846
20448185000.0,-69.06767374449508
20453183333.3,-71.11865079986097
20458181666.7,-71.85578052270587
20463180000.0,-70.50978042250942
20468178333.3,-72.09190123480666
20473176666.7,-70.7658804298969
20478175000.0,-71.06385078456245
20483173333.3,-72.09196785132076
20488171666.7,-71.64135466145011
20493170000.0,-69.90151320407267
20498168333.3,-70.891439586412
20503166666.7,-74.17190270206324
20508165000.0,-69.53002697924506
20513163333.3,-68.7845516083276
20518161666.7,-70.73984512145303
20523160000.0,-69.90485403356507
20528158333.3,-72.10876629660147
20533156666.7,-69.43145635780346
20538155000.0,-71.36345656155184
20543153333.3,-70.46571435725838
20548151666.7,-70.04158016313158
20553150000.0,-70.3587147169722
20558148333.3,-71.27091689944524
20563146666.7,-69.84582721738866
20568145000.0,-69.54139254769937
20573143333.3,-68.56252482627181
20578141666.7,-68.06173267929725
20583140000.0,-70.9839026296723
20588138333.3,-70.58298937215821
20593136666.7,-71.32619807255531
20598135000.0,-70.36206102438572
20603133333.3,-71.68384520529501
20608131666.7,-70.24174017041325
20613130000.0,-68.8062893878146
20618128333.3,-69.91441840043153
20623126666.7,-72.9576925484398
20628125000.0,-70.89785584181683
20633123333.3,-69.98316445524716
20638121666.7,-70.75027921048584
20643120000.0,-70.6582814476886
20648118333.3,-71.0088195684963
20653116666.7,-72.12882297336562
20658115000.0,-72.7776583852258
20663113333.3,-74.45774140811183
20668111666.7,-71.3023516752281
20673110000.0,-71.63215634834458
20678108333.3,-69.38727863468384
20683106666.7,-70.58972406126753
20688105000.0,-70.51778678797436
20693103333.3,-71.66880837125898
20698101666.7,-71.00424750860934
20703100000.0,-72.02635752992136
20708098333.3,-71.10845078127088
20713096666.7,-72.1971171105369
20718095000.0,-72.7632038944172
20723093333.3,-71.85831698804837
20728091666.7,-72.35710986827071
20733090000.0,-72.87850623599164
20738088333.3,-72.11486810708698
20743086666.7,-70.60809363817987
20748085000.0,-74.14174468661008
20753083333.3,-70.81120954278022
20758081666.7,-71.49781959139865
20763080000.0,-74.2282558613818
20768078333.3,-70.89100955405094
20773076666.7,-72.34815061826632
20778075000.0,-70.39586722505787
20783073333.3,-70.57894705187222
20788071666.7,-71.7404682973146
20793070000.0,-71.72013491269273
20798068333.3,-70.75924455476527
20803066666.7,-69.57836572129507
20808065000.0,-70.74573788514756
20813063333.3,-73.60566319884447
20818061666.7,-71.89523531898325
20823060000.0,-71.4753782793052
20828058333.3,-71.3757254031851
20833056666.7,-72.50220200012234
20838055000.0,-71.41022587728436
20843053333.3,-71.11111619309975
20848051666.7,-71.56885342891339
20853050000.0,-71.83404891330659
20858048333.3,-71.66761430845739
20863046666.7,-71.07213800348393
20868045000.0,-71.12211397598026
20873043333.3,-72.42614110281343
20878041666.7,-70.47891257329441
20883040000.0,-71.44026252037754
20888038333.3,-71.38448902689645
20893036666.7,-71.1524949113199
20898035000.0,-72.95508543115116
20903033333.3,-71.22480491643779
20908031666.7,-72.69984150922815
20913030000.0,-72.02290593666325
20918028333.3,-74.25916024460024
20923026666.7,-73.85652093650974
20928025000.0,-71.72507128448379
20933023333.3,-73.59218532652673
20938021666.7,-73.21885418780101
20943020000.0,-73.8708610870603
20948018333.3,-73.70385020146789
20953016666.7,-74.27420180836351
20958015000.0,-73.0195156105921
20963013333.3,-74.32181456556252
20968011666.7,-73.82428315414147
20973010000.0,-73.11084727857576
20978008333.3,-72.06121311156615
20983006666.7,-72.62504245061619
20988005000.0,-72.94219606001043
20993003333.3,-72.95240547713044
20998001666.7,-73.75999291367968
21003000000.0,-72.94860440327216
21007998333.3,-70.78833929456522
21012996666.7,-72.95801187296591
21017995000.0,-71.42212608232487
21022993333.3,-71.30188476719815
21027991666.7,-72.51526294506156
21032990000.0,-73.68370323030554
21037988333.3,-70.02509472305607
21042986666.7,-72.17824240353971
21047985000.0,-72.18959649624014
21052983333.3,-70.54609310117894
21057981666.7,-71.1325884246601
21062980000.0,-71.04955249822258
21067978333.3,-70.02774306857614
21072976666.7,-72.47810004690768
21077975000.0,-70.60736412818349
21082973333.3,-70.77472868441099
21087971666.7,-70.10638227966419
21092970000.0,-71.3813646559365
21097968333.3,-70.6900340087991
21102966666.7,-70.35562165131326
21107965000.0,-71.64791593897647
21112963333.3,-69.56956632868122
21117961666.7,-70.10346602588554
21122960000.0,-69.35510582004932
21127958333.3,-71.23888765030868
21132956666.7,-71.72198775245276
21137955000.0,-69.80520047703972
21142953333.3,-73.21416572742221
21147951666.7,-71.58570703014347
21152950000.0,-71.49298858280586
21157948333.3,-72.39363490026639
21162946666.7,-71.71631333358118
21167945000.0,-70.60562804398315
21172943333.3,-72.19165455469411
21177941666.7,-73.5208584851378
21182940000.0,-72.14801098406579
21187938333.3,-71.60679123844409
21192936666.7,-73.66070926891956
21197935000.0,-74.21687628376736
21202933333.3,-72.51924171148903
21207931666.7,-72.22344663594448
21212930000.0,-72.71970278883676
21217928333.3,-71.08878797810196
21222926666.7,-70.74240213036464
21227925000.0,-72.57807071703915
21232923333.3,-74.51556477945842
21237921666.7,-73.00955056914117
21242920000.0,-73.88294773831787
21247918333.3,-72.2893557477904
21252916666.7,-71.87271879794737
21257915000.0,-73.64473666299685
21262913333.3,-70.5755063784906
21267911666.7,-72.46277782317611
21272910000.0,-74.22769639737383
21277908333.3,-73.02026485377755
21282906666.7,-72.15001216833646
21287905000.0,-71.22292772377864
21292903333.3,-70.9499070159292
21297901666.7,-71.43785321379089
21302900000.0,-69.9149014442574
21307898333.3,-71.07385648100598
21312896666.7,-70.80720141399064
21317895000.0,-70.28517976363423
21322893333.3,-70.81780531059383
21327891666.7,-70.0367437550757
21332890000.0,-71.20517335067997
21337888333.3,-69.48991334402037
21342886666.7,-71.89447747456427
21347885000.0,-73.00103626807243
21352883333.3,-70.15555456514902
21357881666.7,-71.45367087809242
21362880000.0,-73.06475125650122
21367878333.3,-71.44709918245489
21372876666.7,-70.48837829657549
21377875000.0,-69.90347251316395
21382873333.3,-68.09797292120116
21387871666.7,-71.18882998656674
21392870000.0,-72.33547246248834
21397868333.3,-70.83361805318629
21402866666.7,-69.738100897578
21407865000.0,-71.29642512315381
21412863333.3,-71.63074094254159
21417861666.7,-72.86025281563602
21422860000.0,-70.00725296465308
21427858333.3,-70.54119962528985
21432856666.7,-69.27593722722028
21437855000.0,-70.29817622937668
21442853333.3,-68.89650794425569
21447851666.7,-69.95316305068627
21452850000.0,-72.32941370344226
21457848333.3,-70.92991713219243
21462846666.7,-70.59242950717088
21467845000.0,-70.2814583877142
21472843333.3,-69.61800488773738
21477841666.7,-69.87122872114348
21482840000.0,-72.19876403076513
21487838333.3,-70.93427651823022
21492836666.7,-71.30015372245174
21497835000.0,-71.53844285505669
21502833333.3,-71.67116545194493
21507831666.7,-73.1758433959726
21512830000.0,-71.60597315667273
21517828333.3,-71.55844251491689
21522826666.7,-71.53894004869623
21527825000.0,-73.21906442418106
21532823333.3,-69.87648368669417
21537821666.7,-72.88680381644711
21542820000.0,-73.36445530434516
21547818333.3,-70.31603743550723
21552816666.7,-71.27502480661535
21557815000.0,-71.80447558550468
21562813333.3,-70.58948710558454
21567811666.7,-70.46545130475019
21572810000.0,-68.3778556932515
21577808333.3,-72.96853594800739
21582806666.7,-69.7362913846957
21587805000.0,-70.21210374399449
21592803333.3,-71.67401366890155
21597801666.7,-70.97010459377229
21602800000.0,-72.82210656980658
21607798333.3,-71.114521321641
21612796666.7,-72.3648109549681
21617795000.0,-71.6015248472826
21622793333.3,-71.08297362848921
21627791666.7,-69.45760475195088
21632790000.0,-69.90180792819497
21637788333.3,-70.30080597456742
21642786666.7,-70.37734431755983
21647785000.0,-69.14415388186045
21652783333.3,-75.19850018082097
21657781666.7,-69.85360019034415
21662780000.0,-72.92218878357905
21667778333.3,-71.83290834799537
21672776666.7,-69.3477657069456
21677775000.0,-72.20334877947083
21682773333.3,-70.74713751616525
21687771666.7,-71.2625544616878
21692770000.0,-71.21454675615131
21697768333.3,-72.5780193355671
21702766666.7,-71.27435530990981
21707765000.0,-71.91566642818734
21712763333.3,-70.98909778616797
21717761666.7,-69.89535172008686
21722760000.0,-75.32103524052414
21727758333.3,-73.53690358858992
21732756666.7,-71.99527958354194
21737755000.0,-70.82177137218667
21742753333.3,-70.23007420547114
21747751666.7,-70.49471167485333
21752750000.0,-70.37344582815427
21757748333.3,-72.50728123023794
21762746666.7,-72.73679274665126
21767745000.0,-73.90874411358106
21772743333.3,-72.07715430213652
21777741666.7,-71.09694130709464
21782740000.0,-70.96590977624412
21787738333.3,-70.8213763542658
21792736666.7,-71.75389192044739
21797735000.0,-71.65047972057964
21802733333.3,-71.72109679628903
21807731666.7,-70.57104619817858
21812730000.0,-70.04868353956068
21817728333.3,-69.26334438411754
21822726666.7,-72.35211487964985
21827725000.0,-71.81653910827664
21832723333.3,-71.4619630401589
21837721666.7,-71.41709231357729
21842720000.0,-73.3728875222658
21847718333.3,-72.4285701727965
21852716666.7,-72.84108336841732
21857715000.0,-72.55656137798871
21862713333.3,-71.60170986168163
21867711666.7,-74.54012838970407
21872710000.0,-72.60764587573497
21877708333.3,-74.0363217920177
21882706666.7,-73.53522222048561
21887705000.0,-71.79894402693745
21892703333.3,-69.55208891991388
21897701666.7,-70.82414964872112
21902700000.0,-72.4512055868052
21907698333.3,-72.05167751744044
21912696666.7,-72.56693549365343
21917695000.0,-71.72442079066354
21922693333.3,-73.35185308534777
21927691666.7,-71.38856269315741
21932690000.0,-73.63482564026442
21937688333.3,-72.09744833107982
21942686666.7,-72.64525727207177
21947685000.0,-72.41582735624479
21952683333.3,-72.63012771458803
21957681666.7,-74.3595020512972
21962680000.0,-72.04661556835988
21967678333.3,-73.93907297884456
21972676666.7,-74.32459605922324
21977675000.0,-70.99114272387683
21982673333.3,-74.8465704886762
21987671666.7,-72.76410502959259
21992670000.0,-72.28410989440557
21997668333.3,-72.03324775625158
22002666666.7,-71.41834963192365
22007665000.0,-71.03718404978336
22012663333.3,-72.46047551961163
22017661666.7,-72.71151376367007
22022660000.0,-73.13831314365763
22027658333.3,-72.08672016901485
22032656666.7,-71.11481529354461
22037655000.0,-70.33710045033958
22042653333.3,-70.25436498798902
22047651666.7,-71.28665077097219
22052650000.0,-72.62521459829094
22057648333.3,-72.43031631402603
22062646666.7,-70.57057813468978
22067645000.0,-72.66880378175777
22072643333.3,-73.54366021007215
22077641666.7,-70.02150058416133
22082640000.0,-74.23502546860442
22087638333.3,-72.28937626406663
22092636666.7,-70.14336640960343
22097635000.0,-71.95844375217479
22102633333.3,-72.10997393019927
22107631666.7,-71.21592829307725
22112630000.0,-72.84526833479363
22117628333.3,-72.80578704317078
22122626666.7,-69.41402616381072
22127625000.0,-71.50145765964166
22132623333.3,-73.60150366295424
22137621666.7,-74.72296667098085
22142620000.0,-72.22787141158702
22147618333.3,-70.87902622573164
22152616666.7,-72.33201393940075
22157615000.0,-72.3527702677172
22162613333.3,-74.17414716024899
22167611666.7,-73.28088201987327
22172610000.0,-70.14056270144576
22177608333.3,-73.8105639304021
22182606666.7,-72.49583840942877
22187605000.0,-72.79689301586556
22192603333.3,-71.92382776882773
22197601666.7,-74.37423995836605
22202600000.0,-69.57521145638867
22207598333.3,-70.84951761084982
22212596666.7,-71.63796273948583
22217595000.0,-73.83458525550057
22222593333.3,-71.48111915354752
22227591666.7,-71.04879225145818
22232590000.0,-71.35487826125582
22237588333.3,-71.45965055814887
22242586666.7,-74.82095825821416
22247585000.0,-71.00609774043174
22252583333.3,-72.71001301121292
22257581666.7,-71.72339621206835
22262580000.0,-71.40118234828272
22267578333.3,-71.65986596923858
22272576666.7,-70.24067270417257
22277575000.0,-71.20787130803255
22282573333.3,-72.16475486012985
22287571666.7,-72.24818730913358
22292570000.0,-69.60189033242928
22297568333.3,-70.33728087708542
22302566666.7,-74.67289498161118
22307565000.0,-72.10051384121422
22312563333.3,-71.89216529035336
22317561666.7,-70.18554662931226
22322560000.0,-72.43942574993598
22327558333.3,-73.8569808925948
22332556666.7,-72.76696526330993
22337555000.0,-71.2460674485138
22342553333.3,-74.02400006176391
22347551666.7,-72.87062604574719
22352550000.0,-72.75141984406372
22357548333.3,-74.19677659552968
22362546666.7,-73.7411039439782
22367545000.0,-71.88759575626368
22372543333.3,-73.10022565814327
22377541666.7,-71.41592610618824
22382540000.0,-72.57467434998074
22387538333.3,-71.40789591301724
22392536666.7,-72.6571013128398
22397535000.0,-72.69391436781835
22402533333.3,-73.43325568442683
22407531666.7,-72.59270088338386
22412530000.0,-73.14104562350244
22417528333.3,-71.67107473089204
22422526666.7,-72.76535764846867
22427525000.0,-74.45943636025198
22432523333.3,-71.0504930230697
22437521666.7,-71.47760336526323
22442520000.0,-71.63880771244078
22447518333.3,-70.76384989691262
22452516666.7,-72.62068719221634
22457515000.0,-71.62497052196542
22462513333.3,-72.56189547579797
22467511666.7,-73.80462133651032
22472510000.0,-71.12517744674524
22477508333.3,-72.74063019281186
22482506666.7,-71.05121108763646
22487505000.0,-72.5590779302561
22492503333.3,-71.0737145441842
22497501666.7,-72.14713295958192
22502500000.0,-71.46587385948065
22507498333.3,-71.00809235473164
22512496666.7,-71.5292430477605
22517495000.0,-72.09923819413058
22522493333.3,-73.53403762153222
22527491666.7,-70.52388283175235
22532490000.0,-72.61044767720759
22537488333.3,-71.00537842068435
22542486666.7,-70.56781086265768
22547485000.0,-72.71998039929122
22552483333.3,-71.77851151016048
22557481666.7,-72.84940126551928
22562480000.0,-74.52024651603759
22567478333.3,-72.42217106486191
22572476666.7,-72.95860974267215
22577475000.0,-73.82038699728761
22582473333.3,-72.30487003092232
22587471666.7,-72.40715490806396
22592470000.0,-71.83750206019936
22597468333.3,-71.7998746891237
22602466666.7,-73.49867337990324
22607465000.0,-73.91168941183531
22612463333.3,-71.27355965648468
22617461666.7,-73.58904877521961
22622460000.0,-75.18923391004292
22627458333.3,-73.17602215761706
22632456666.7,-73.08159783039781
22637455000.0,-73.23422385866664
22642453333.3,-72.7746272954227
22647451666.7,-73.76340187965958
22652450000.0,-72.27804159874078
22657448333.3,-72.94744643000116
22662446666.7,-72.45007339807971
22667445000.0,-73.61410300781812
22672443333.3,-74.5942598708625
22677441666.7,-72.81478470920385
22682440000.0,-72.48688636034308
22687438333.3,-72.00157576097911
22692436666.7,-71.74300148829467
22697435000.0,-72.4276504207949
22702433333.3,-70.44049917265916
22707431666.7,-73.04428040967778
22712430000.0,-73.90918227789
22717428333.3,-74.05650326360498
22722426666.7,-71.9841771443899
22727425000.0,-73.98153425751832
22732423333.3,-72.67507501537268
22737421666.7,-69.44438498904242
22742420000.0,-73.28910793179743
22747418333.3,-73.20182353160298
22752416666.7,-71.89995489754197
22757415000.0,-73.63511006857925
22762413333.3,-74.23475521326549
22767411666.7,-71.39081134732018
22772410000.0,-71.91972777612519
22777408333.3,-73.88370596152075
22782406666.7,-72.56913927606051
22787405000.0,-73.2432756579478
22792403333.3,-74.53959813867205
22797401666.7,-73.87973080313182
22802400000.0,-73.8456214425564
22807398333.3,-73.68786689628324
22812396666.7,-73.98642400564655
22817395000.0,-76.09942201469096
22822393333.3,-74.45079838321043
22827391666.7,-73.53353968086634
22832390000.0,-74.84207744676132
22837388333.3,-74.45303324907034
22842386666.7,-73.58798606346731
22847385000.0,-72.87395894894448
22852383333.3,-73.07231271671859
22857381666.7,-73.00685659049743
22862380000.0,-74.42042040366191
22867378333.3,-75.1301983493311
22872376666.7,-76.01791052007586
22877375000.0,-74.56187069875382
22882373333.3,-73.1447788979679
22887371666.7,-74.292304865152
22892370000.0,-72.42586592940313
22897368333.3,-75.02806297580891
22902366666.7,-74.23826477569997
22907365000.0,-74.13646495029214
22912363333.3,-74.57388353711019
22917361666.7,-75.11394356922526
22922360000.0,-73.68919854114682
22927358333.3,-72.86712534549025
22932356666.7,-72.23689819956284
22937355000.0,-73.52468583349817
22942353333.3,-72.75680598372239
22947351666.7,-73.49521560047992
22952350000.0,-72.01497261744127
22957348333.3,-74.1144564904013
22962346666.7,-73.30509919932831
22967345000.0,-73.93562321112346
22972343333.3,-73.90023203717226
22977341666.7,-74.24499535397396
22982340000.0,-75.1795948601547
22987338333.3,-75.78013155125127
22992336666.7,-73.85072791298762
22997335000.0,-74.56740427781787
23002333333.3,-73.70166513044319
23007331666.7,-74.48411300051195
23012330000.0,-76.34364181201272
23017328333.3,-73.21160041244173
23022326666.7,-73.16546264333913
23027325000.0,-71.86667215177255
23032323333.3,-75.40020376899722
23037321666.7,-72.84479204322491
23042320000.0,-73.82966036061114
23047318333.3,-75.17091813889726
23052316666.7,-72.68621931006724
23057315000.0,-74.65832094247651
23062313333.3,-72.19530366042545
23067311666.7,-75.58413959309016
23072310000.0,-72.13303292540101
23077308333.3,-73.2476968245301
23082306666.7,-73.51123768699132
23087305000.0,-74.70976284461922
23092303333.3,-72.74464926805608
23097301666.7,-73.28727301513709
23102300000.0,-75.279801833651
23107298333.3,-73.33804478784128
23112296666.7,-75.38467922261547
23117295000.0,-73.01640009368941
23122293333.3,-73.5060139263048
23127291666.7,-73.2410810314021
23132290000.0,-73.07912081374148
23137288333.3,-74.32157634026451
23142286666.7,-73.00748607842458
23147285000.0,-77.17703071280474
23152283333.3,-72.41968091390524
23157281666.7,-73.3611269730866
23162280000.0,-73.82275742511047
23167278333.3,-73.94883714001844
23172276666.7,-76.44401863367644
23177275000.0,-75.62212296433611
23182273333.3,-75.28584209860784
23187271666.7,-73.2210779980983
23192270000.0,-74.53226997937944
23197268333.3,-73.45059740673166
23202266666.7,-76.14628821447441
23207265000.0,-72.35898435816601
23212263333.3,-74.68054091084328
23217261666.7,-74.34098235076095
23222260000.0,-74.6795299942279
23227258333.3,-73.02420544069277
23232256666.7,-74.29465265401676
23237255000.0,-73.24246803436762
23242253333.3,-74.61537999153941
23247251666.7,-74.63852439366957
23252250000.0,-73.777809209371
23257248333.3,-73.61510004365962
23262246666.7,-73.57081764362907
23267245000.0,-73.90466451849035
23272243333.3,-74.89236140591245
23277241666.7,-74.23891006049114
23282240000.0,-75.15588578563963
23287238333.3,-74.38322176184458
23292236666.7,-72.5363213558368
23297235000.0,-76.14190528913863
23302233333.3,-75.2541989895198
23307231666.7,-74.43205754700901
23312230000.0,-74.1944528567978
23317228333.3,-74.95027576413521
23322226666.7,-72.13910079225461
23327225000.0,-73.95166093890384
23332223333.3,-73.65846831270149
23337221666.7,-74.97328120740237
23342220000.0,-74.06113409176022
23347218333.3,-75.4672131136385
23352216666.7,-74.69230689707891
23357215000.0,-73.00594112217242
23362213333.3,-75.45059862691836
23367211666.7,-74.62714367649758
23372210000.0,-72.74501576538748
23377208333.3,-74.75333580547549
23382206666.7,-74.56803419063284
23387205000.0,-71.76938270860549
23392203333.3,-74.59572722590082
23397201666.7,-75.38198936220752
23402200000.0,-71.87206706950613
23407198333.3,-76.80842811032545
23412196666.7,-74.05444870621258
23417195000.0,-74.77905695408054
23422193333.3,-72.91097943204136
23427191666.7,-76.68602299874145
23432190000.0,-71.6003731469605
23437188333.3,-74.45648359350118
23442186666.7,-73.83189834889068
23447185000.0,-78.06662831644813
23452183333.3,-73.77075392546055
23457181666.7,-71.61607712126509
23462180000.0,-74.27009577403285
23467178333.3,-73.96069596978346
23472176666.7,-76.32379947371655
23477175000.0,-73.71317460980974
23482173333.3,-75.33635247023233
23487171666.7,-74.08735873270507
23492170000.0,-73.59628490476938
23497168333.3,-74.41597439086704
23502166666.7,-73.8618903414639
23507165000.0,-72.5137015211703
23512163333.3,-74.18291015728782
23517161666.7,-75.1153379761365
23522160000.0,-76.0363054468169
23527158333.3,-77.12968953525264
23532156666.7,-73.38556923473189
23537155000.0,-73.12483863293822
23542153333.3,-73.14476627327507
23547151666.7,-73.3932124494334
23552150000.0,-74.60133890766976
23557148333.3,-75.19502384556293
23562146666.7,-73.07246155702794
23567145000.0,-76.04146277484547
23572143333.3,-76.85200880671773
23577141666.7,-74.24831625589627
23582140000.0,-71.94476389401109
23587138333.3,-72.96846669803634
23592136666.7,-75.33393025979932
23597135000.0,-73.99846511136138
23602133333.3,-73.09717712011697
23607131666.7,-73.26680083743956
23612130000.0,-72.9610554889066
23617128333.3,-75.32093480413579
23622126666.7,-76.59052511175716
23627125000.0,-73.94071946502727
23632123333.3,-74.62263110708756
23637121666.7,-74.4742136305874
23642120000.0,-73.98925950223001
23647118333.3,-74.63088500665441
23652116666.7,-76.55782875901785
23657115000.0,-71.78562844839132
23662113333.3,-83.80005075738795
23667111666.7,-75.90187323817717
23672110000.0,-72.19825179201807
23677108333.3,-76.05044177112183
23682106666.7,-72.50105730145206
23687105000.0,-73.34550285992319
23692103333.3,-73.0843463481676
23697101666.7,-74.71980909692275
23702100000.0,-73.29050201820014
23707098333.3,-78.99153713601103
23712096666.7,-74.42273273805425
23717095000.0,-72.72373421372592
23722093333.3,-75.23494932487947
23727091666.7,-75.43709256338917
23732090000.0,-72.59832248005725
23737088333.3,-76.6248775464806
23742086666.7,-73.5251897710636
23747085000.0,-75.2622835104216
23752083333.3,-72.11552505638734
23757081666.7,-74.1054410796538
23762080000.0,-75.73042126545437
23767078333.3,-75.3744510396359
23772076666.7,-72.84792300572131
23777075000.0,-75.2257597542966
23782073333.3,-72.97671616015646
23787071666.7,-74.22031604524922
23792070000.0,-73.34317251104058
23797068333.3,-75.00593929701905
23802066666.7,-72.16837946996982
23807065000.0,-75.07987672047302
23812063333.3,-74.85068152617826
23817061666.7,-75.69251120559308
23822060000.0,-73.73367498218536
23827058333.3,-74.71413749569163
23832056666.7,-74.5376931273931
23837055000.0,-74.12474581969062
23842053333.3,-73.50043755418446
23847051666.7,-72.77637792697315
23852050000.0,-72.55966845887009
23857048333.3,-76.28262971451039
23862046666.7,-76.24294459269672
23867045000.0,-74.80880778054002
23872043333.3,-73.32714245201699
23877041666.7,-74.60209706343286
23882040000.0,-77.0183101541413
23887038333.3,-74.09503799626931
23892036666.7,-74.98259844731898
23897035000.0,-74.10101432206193
23902033333.3,-72.69131028349034
23907031666.7,-72.11032424520711
23912030000.0,-75.2541705523498
23917028333.3,-72.50377779212553
23922026666.7,-75.1371846368915
23927025000.0,-72.88123368099033
23932023333.3,-72.09177057588418
23937021666.7,-71.36418019547149
23942020000.0,-71.13419433727518
23947018333.3,-74.79750714758552
23952016666.7,-76.95334367621177
23957015000.0,-75.07880229837373
23962013333.3,-77.78000147510949
23967011666.7,-73.099842996344
23972010000.0,-73.21561764487582
23977008333.3,-75.24418482272169
23982006666.7,-73.69951137038764
23987005000.0,-72.8745717091556
23992003333.3,-73.59539579326842
23997001666.7,-75.373784357286
24002000000.0,-75.37492988302066
24006998333.3,-73.37362098586108
24011996666.7,-65.8092714913416
24016995000.0,-71.1089211620136
24021993333.3,-72.39632805870588
24026991666.7,-72.05290387353273
24031990000.0,-69.89983128120669
24036988333.3,-77.5379050966304
24041986666.7,-69.61248140523452
24046985000.0,-72.56794279002123
24051983333.3,-81.03940784364366
24056981666.7,-74.63976910846071
24061980000.0,-72.96564112063089
24066978333.3,-73.59414915214603
24071976666.7,-67.22857159182938
24076975000.0,-74.93096714595778
24081973333.3,-76.56092362697292
24086971666.7,-72.01479045499059
24091970000.0,-68.84687899386093
24096968333.3,-68.18667784651257
24101966666.7,-74.89939513292994
24106965000.0,-78.14764269125274
24111963333.3,-76.82706212873538
24116961666.7,-76.43728603760786
24121960000.0,-65.74096878008925
24126958333.3,-70.30270772819355
24131956666.7,-76.33349888487581
24136955000.0,-69.09056354021969
24141953333.3,-77.21484640716562
24146951666.7,-71.54322507782925
24151950000.0,-71.29913567119945
24156948333.3,-67.47154786871067
24161946666.7,-71.41843804845169
24166945000.0,-73.38303023739039
24171943333.3,-70.0785989452206
24176941666.7,-70.51770027526382
24181940000.0,-69.4439217531312
24186938333.3,-81.12010850306109
24191936666.7,-74.47960175407434
24196935000.0,-71.35353545057244
24201933333.3,-81.41160826012441
24206931666.7,-75.24698069158207
24211930000.0,-70.07751939627148
24216928333.3,-70.7253518216061
24221926666.7,-76.23597774583016
24226925000.0,-72.74697756160744
24231923333.3,-80.47213059866746
24236921666.7,-80.5287726415167
24241920000.0,-79.730768324566
24246918333.3,-74.43438796651007
24251916666.7,-75.58666723140347
24256915000.0,-74.25248656478617
24261913333.3,-70.62592148787309
24266911666.7,-70.29823538442474
24271910000.0,-68.91264366350153
24276908333.3,-76.23348275687842
24281906666.7,-72.0124689568196
24286905000.0,-72.49261027638673
24291903333.3,-82.56109747224131
24296901666.7,-73.7460345984502
24301900000.0,-72.48174527266622
24306898333.3,-73.67825955521172
24311896666.7,-78.88897031195506
24316895000.0,-70.38542058110428
24321893333.3,-70.23856317037085
24326891666.7,-70.6765281020938
24331890000.0,-72.39322986641041
24336888333.3,-86.24851928308347
24341886666.7,-79.6355254847599
24346885000.0,-68.03769721778677
24351883333.3,-72.35898620280366
24356881666.7,-71.54946606541893
24361880000.0,-78.11302795384243
24366878333.3,-70.80566547863462
24371876666.7,-72.50008403473608
24376875000.0,-64.39812957260894
24381873333.3,-72.13909812927861
24386871666.7,-72.73599592323114
24391870000.0,-80.19228110908536
24396868333.3,-75.96232251324336
24401866666.7,-81.09032135484703
24406865000.0,-73.74149352791308
24411863333.3,-86.59688223963661
24416861666.7,-76.91681225201533
24421860000.0,-77.21472608428947
24426858333.3,-71.54915440116793
24431856666.7,-77.50415978749287
24436855000.0,-74.33684990247056
24441853333.3,-69.7262800990501
24446851666.7,-71.39388211646619
24451850000.0,-71.4607944983334
24456848333.3,-70.96372629015634
24461846666.7,-71.62716888825182
24466845000.0,-73.70350185984121
24471843333.3,-68.51227090625707
24476841666.7,-71.71662508724242
24481840000.0,-75.19876240630323
24486838333.3,-72.29215104161479
24491836666.7,-71.16623669179498
24496835000.0,-71.08384695865396
24501833333.3,-78.42373811989745
24506831666.7,-81.96761026188334
24511830000.0,-69.4544463870257
24516828333.3,-73.4735814938172
24521826666.7,-77.93367856586231
24526825000.0,-70.9522080769142
24531823333.3,-69.99724059032684
24536821666.7,-72.34551345272303
24541820000.0,-72.59180042537248
24546818333.3,-76.96003861974125
24551816666.7,-72.56417081996064
24556815000.0,-76.4709522562585
24561813333.3,-79.70215040948183
24566811666.7,-70.09394067869765
24571810000.0,-71.52646187411882
24576808333.3,-72.1384171055174
24581806666.7,-78.16038860062008
24586805000.0,-70.88471731237534
24591803333.3,-90.40920097564886
24596801666.7,-73.75912833551759
24601800000.0,-77.85454079377882
24606798333.3,-72.05711649904978
24611796666.7,-74.67807011536388
24616795000.0,-71.09592389870136
24621793333.3,-72.61264034128301
24626791666.7,-72.79570875486033
24631790000.0,-71.36639235010105
24636788333.3,-68.4222495064253
24641786666.7,-82.67055314994911
24646785000.0,-76.32147791304338
24651783333.3,-75.11139270535332
24656781666.7,-73.67095776775005
24661780000.0,-73.02229699332801
24666778333.3,-71.44477119846255
24671776666.7,-71.33902059261243
24676775000.0,-74.90419579946686
24681773333.3,-70.72715655068292
24686771666.7,-78.01135394041353
24691770000.0,-74.08289405944794
24696768333.3,-72.53619657012487
24701766666.7,-71.70648299791281
24706765000.0,-67.91841697137124
24711763333.3,-69.83732599930163
24716761666.7,-70.33518008699595
24721760000.0,-72.79301774688827
24726758333.3,-77.37404462650505
24731756666.7,-73.73238149905907
24736755000.0,-72.03328290757813
24741753333.3,-76.31757840067723
24746751666.7,-72.75920578949815
24751750000.0,-68.72565869083219
24756748333.3,-71.3043755946668
24761746666.7,-72.26718175315449
24766745000.0,-71.90978348818773
24771743333.3,-74.68022129067
24776741666.7,-74.17842678465396
24781740000.0,-77.78558225058093
24786738333.3,-68.54275328898669
24791736666.7,-69.87843415083562
24796735000.0,-72.21253328189022
24801733333.3,-69.27780899031285
24806731666.7,-70.5906396798338
24811730000.0,-83.44918157451198
24816728333.3,-68.08733396550008
24821726666.7,-72.90211895992955
24826725000.0,-70.90047907979142
24831723333.3,-73.71119779564944
24836721666.7,-76.47172706386297
24841720000.0,-68.90993161485135
24846718333.3,-69.03269050838783
24851716666.7,-74.79742226828733
24856715000.0,-72.65592178434987
24861713333.3,-72.13325485589013
24866711666.7,-69.60680785411638
24871710000.0,-67.20138176743453
24876708333.3,-68.67318906210977
24881706666.7,-69.04506791865376
24886705000.0,-76.75468231337081
24891703333.3,-68.3359008670479
24896701666.7,-76.9233763918411
24901700000.0,-72.49345033403037
24906698333.3,-72.75456260136907
24911696666.7,-71.31803143945235
24916695000.0,-75.85889612250264
24921693333.3,-71.7607528741676
24926691666.7,-72.87895836056386
24931690000.0,-74.91741851017699
24936688333.3,-81.33296389442613
24941686666.7,-73.75695606275269
24946685000.0,-75.97359778877419
24951683333.3,-77.61260847010779
24956681666.7,-74.64985962004332
24961680000.0,-75.35514893316002
24966678333.3,-81.62391928111376
24971676666.7,-78.27788355819939
24976675000.0,-73.5716103225092
24981673333.3,-79.0318957836482
24986671666.7,-68.28588442020616
24991670000.0,-74.54354121594682
24996668333.3,-75.92497696056554
25001666666.7,-78.3261734590485
25006665000.0,-77.40816037855035
25011663333.3,-75.18152998801457
25016661666.7,-79.70548632757828
25021660000.0,-77.17596401348808
25026658333.3,-72.22800781108015
25031656666.7,-74.39517978778713
25036655000.0,-73.9717275916977
25041653333.3,-80.08773570717553
25046651666.7,-73.62721553277873
25051650000.0,-72.37013571756609
25056648333.3,-70.7909808377312
25061646666.7,-72.7637214563768
25066645000.0,-71.87053577300699
25071643333.3,-71.28480286326331
25076641666.7,-73.03012218345182
25081640000.0,-80.0486417198112
25086638333.3,-72.99845766276924
25091636666.7,-72.86105689161882
25096635000.0,-77.8673063446682
25101633333.3,-84.46652919119664
25106631666.7,-72.37068435274824
25111630000.0,-76.13234764945763
25116628333.3,-67.96782470193071
25121626666.7,-67.54123846262357
25126625000.0,-72.76134834750792
25131623333.3,-75.20707763035593
25136621666.7,-73.32615036102943
25141620000.0,-74.4887188213856
25146618333.3,-70.25403340188544
25151616666.7,-72.54019511023664
25156615000.0,-81.23206842223574
25161613333.3,-75.66640648766143
25166611666.7,-78.90816481377588
25171610000.0,-75.70419377553449
25176608333.3,-73.94921155838654
25181606666.7,-75.24913067871425
25186605000.0,-78.83624105045978
25191603333.3,-96.71926948722957
25196601666.7,-72.16457610026394
25201600000.0,-71.53332390806916
25206598333.3,-68.90239174155562
25211596666.7,-78.54464272569187
25216595000.0,-71.60808385687292
25221593333.3,-74.63210477091812
25226591666.7,-69.45108168943933
25231590000.0,-75.56806176247781
25236588333.3,-76.80032479158433
25241586666.7,-76.08262325680586
25246585000.0,-77.07959379215913
25251583333.3,-70.82183384798311
25256581666.7,-71.71553601347821
25261580000.0,-75.91277074006045
25266578333.3,-85.94664345106986
25271576666.7,-76.08836138628725
25276575000.0,-71.88663475173891
25281573333.3,-68.2231642900298
25286571666.7,-72.77131443887478
25291570000.0,-70.21868255437742
25296568333.3,-80.03745969237318
25301566666.7,-67.96742103922885
25306565000.0,-73.40268803952462
25311563333.3,-72.45596904096324
25316561666.7,-75.31993543446855
25321560000.0,-68.05083347608657
25326558333.3,-70.53946546491464
25331556666.7,-72.69881409441304
25336555000.0,-70.31360899622355
25341553333.3,-72.94079433708343
25346551666.7,-75.16292944314785
25351550000.0,-73.92360979813387
25356548333.3,-75.83239490344111
25361546666.7,-74.47120843415652
25366545000.0,-77.07327238747807
25371543333.3,-71.83466299439385
25376541666.7,-79.80667481630297
25381540000.0,-78.16483997957089
25386538333.3,-71.85349690328346
25391536666.7,-72.78055859887478
25396535000.0,-75.44090066372
25401533333.3,-72.23561539176063
25406531666.7,-69.6707014592821
25411530000.0,-78.80450770765023
25416528333.3,-81.60964278624652
25421526666.7,-72.79938609038828
25426525000.0,-79.86076936074188
25431523333.3,-75.01267618378368
25436521666.7,-75.01839435955672
25441520000.0,-71.27791787392037
25446518333.3,-79.74950000008768
25451516666.7,-75.18642944332089
25456515000.0,-91.58205076871926
25461513333.3,-67.64372869053159
25466511666.7,-69.65864421015922
25471510000.0,-69.17791439022389
25476508333.3,-73.81795199359439
25481506666.7,-77.77570628774983
25486505000.0,-73.12809350665479
25491503333.3,-85.15787560176
25496501666.7,-69.66075335689189
25501500000.0,-78.56931367511214
25506498333.3,-75.65005524727749
25511496666.7,-73.03660794808988
25516495000.0,-81.188291007668
25521493333.3,-75.52084832631259
25526491666.7,-66.90987252323069
25531490000.0,-74.24624306204285
25536488333.3,-73.91180578911619
25541486666.7,-66.38814869397385
25546485000.0,-78.69144874828356
25551483333.3,-75.72982934486762
25556481666.7,-68.26274988327566
25561480000.0,-75.03785764043792
25566478333.3,-73.06205591699734
25571476666.7,-70.62415509201878
25576475000.0,-97.9889129416172
25581473333.3,-73.83229939175722
25586471666.7,-65.2240956068849
25591470000.0,-69.01024620662994
25596468333.3,-68.73942269714844
25601466666.7,-75.8428555340529
25606465000.0,-73.7957030631796
25611463333.3,-75.39162601616897
25616461666.7,-73.7301903521558
25621460000.0,-76.44921074431261
25626458333.3,-72.70838757346435
25631456666.7,-74.3178630086015
25636455000.0,-73.92247353566117
25641453333.3,-76.36879919969977
25646451666.7,-72.74568316944394
25651450000.0,-72.60554373934886
25656448333.3,-76.99456272331902
25661446666.7,-76.45645903783651
25666445000.0,-73.96007848870721
25671443333.3,-72.45457273697427
25676441666.7,-74.01697215016549
25681440000.0,-72.9413220337541
25686438333.3,-79.47381877528356
25691436666.7,-70.74496039717212
25696435000.0,-84.28136370689016
25701433333.3,-74.13192915989642
25706431666.7,-75.94890895374708
25711430000.0,-85.18905731461359
25716428333.3,-71.05577795452994
25721426666.7,-74.0004683631467
25726425000.0,-77.78138065195023
25731423333.3,-71.47277559976192
25736421666.7,-75.4639276183866
25741420000.0,-78.8744720439916
25746418333.3,-92.24312985146155
25751416666.7,-74.2544550338616
25756415000.0,-78.34494469593666
25761413333.3,-81.09205583663203
25766411666.7,-70.11088286146348
25771410000.0,-76.12979035408333
25776408333.3,-82.40435936463211
25781406666.7,-76.07029603519032
25786405000.0,-71.05116755288823
25791403333.3,-71.81189151654146
25796401666.7,-72.06766768161343
25801400000.0,-77.21815816780139
25806398333.3,-68.62435203659416
25811396666.7,-73.78083204314764
25816395000.0,-78.14537633135248
25821393333.3,-70.69455517034535
25826391666.7,-72.77454746495485
25831390000.0,-69.46543284661496
25836388333.3,-74.27232142952876
25841386666.7,-77.3944209666761
25846385000.0,-70.02643871849672
25851383333.3,-72.64800989362807
25856381666.7,-72.11441236134416
25861380000.0,-70.15559993608639
25866378333.3,-72.12741416819922
25871376666.7,-86.32971663707757
25876375000.0,-83.59602071157953
25881373333.3,-70.27632187699881
25886371666.7,-83.08480232664267
25891370000.0,-73.11571706650356
25896368333.3,-75.20123082375136
25901366666.7,-72.64779916844246
25906365000.0,-90.35089757155517
25911363333.3,-72.99228996705524
25916361666.7,-79.59375700020095
25921360000.0,-78.44940497609053
25926358333.3,-72.36325232169668
25931356666.7,-74.14294850758552
25936355000.0,-70.15465565864146
25941353333.3,-81.64263405161293
25946351666.7,-68.23194588937378
25951350000.0,-70.04544120443477
25956348333.3,-76.42131055172743
25961346666.7,-76.94219175111374
25966345000.0,-69.7229745672295
25971343333.3,-72.1842682652125
25976341666.7,-75.3390436693804
25981340000.0,-74.65021582833317
25986338333.3,-70.62931504449635
25991336666.7,-70.9627536684682
25996335000.0,-73.31245278039499
26001333333.3,-82.9436316605984
26006331666.7,-72.50993029023294
26011330000.0,-73.29484251114171
26016328333.3,-71.82078809940258
26021326666.7,-70.62713201072265
26026325000.0,-79.05964682161355
26031323333.3,-73.12929727946012
26036321666.7,-78.71213636380757
26041320000.0,-70.61974998979102
26046318333.3,-74.73854986549044
26051316666.7,-71.59215875245667
26056315000.0,-83.17290515834445
26061313333.3,-77.66661073464323
26066311666.7,-69.60759099176697
26071310000.0,-80.06486374651251
26076308333.3,-85.37561602045598
26081306666.7,-79.54379967122571
26086305000.0,-71.98258038079862
26091303333.3,-71.23654227891917
26096301666.7,-73.5571168507899
26101300000.0,-68.47366301636869
26106298333.3,-80.30913223496997
26111296666.7,-80.4284868270901
26116295000.0,-76.7823991282373
26121293333.3,-75.60813433936502
26126291666.7,-72.10336062590619
26131290000.0,-75.66896655325905
26136288333.3,-75.25739019218919
26141286666.7,-72.8718395964643
26146285000.0,-77.07193125405686
26151283333.3,-74.33315605415788
26156281666.7,-73.9847587334688
26161280000.0,-81.73237567014043
26166278333.3,-82.7078072072718
26171276666.7,-75.71251225103131
26176275000.0,-67.81590075982339
26181273333.3,-76.02078928376416
26186271666.7,-80.11689391899816
26191270000.0,-72.81821120274924
26196268333.3,-76.27977040143386
26201266666.7,-81.44537000082542
26206265000.0,-76.19618034521599
26211263333.3,-73.96137010760195
26216261666.7,-79.77081022924598
26221260000.0,-75.88431041400727
26226258333.3,-82.06836370814564
26231256666.7,-77.29843307310752
26236255000.0,-76.54188834014975
26241253333.3,-78.00311650477042
26246251666.7,-74.39428504435182
26251250000.0,-75.68752309699117
26256248333.3,-76.01274325963203
26261246666.7,-73.48126762424963
26266245000.0,-82.70958602157867
26271243333.3,-79.84992218962483
26276241666.7,-66.62558993264207
26281240000.0,-79.87877020851953
26286238333.3,-69.18143807767272
26291236666.7,-72.93572359756376
26296235000.0,-74.83766436253006
26301233333.3,-77.42223038271116
26306231666.7,-69.08049113919945
26311230000.0,-87.15312049517868
26316228333.3,-73.68544314873543
26321226666.7,-92.30944864757637
26326225000.0,-89.42600848200924
26331223333.3,-71.2536668483021
26336221666.7,-79.43261224808425
26341220000.0,-74.57717809795867
26346218333.3,-75.18304954510812
26351216666.7,-80.30060259922584
26356215000.0,-74.73025863810247
26361213333.3,-72.85983974321715
26366211666.7,-76.09126769029282
26371210000.0,-80.14487705429963
26376208333.3,-73.94085600264746
26381206666.7,-73.92534622934465
26386205000.0,-90.16149123608189
26391203333.3,-74.71507338825326
26396201666.7,-78.9174418688312
26401200000.0,-75.77908637612006
26406198333.3,-74.9704075403688
26411196666.7,-68.43824161007922
26416195000.0,-74.0045869938878
26421193333.3,-81.45283111911075
26426191666.7,-76.50952889408525
26431190000.0,-83.60827697217226
26436188333.3,-73.34988776122398
26441186666.7,-74.3853956719649
26446185000.0,-70.56704898354508
26451183333.3,-69.41305813448635
26456181666.7,-73.13384482601676
26461180000.0,-76.9229068244365
26466178333.3,-82.08710954917393
26471176666.7,-74.72287729074031
26476175000.0,-78.55708819869315
26481173333.3,-77.03932880068221
26486171666.7,-79.36776574171421
26491170000.0,-75.68018505744848
26496168333.3,-89.32349867624858
26501166666.7,-76.21398015782093
26506165000.0,-80.53300342101042
26511163333.3,-73.2871397384773
26516161666.7,-79.6793265523175
26521160000.0,-70.82574673296027
26526158333.3,-80.31012003623538
26531156666.7,-87.52079037871546
26536155000.0,-70.56344764181905
26541153333.3,-76.86588439309935
26546151666.7,-75.40258259260618
26551150000.0,-71.46746935451188
26556148333.3,-78.81241857985145
26561146666.7,-80.95562245070028
26566145000.0,-74.40555007525462
26571143333.3,-80.11086483553703
26576141666.7,-69.35124673697496
26581140000.0,-70.9330971167307
26586138333.3,-77.84545718072158
26591136666.7,-82.11966289707023
26596135000.0,-79.7291631412875
26601133333.3,-81.30817134465212
26606131666.7,-77.95979814156235
26611130000.0,-73.5516560264879
26616128333.3,-79.1811248430819
26621126666.7,-71.00674146195958
26626125000.0,-79.4194386747764
26631123333.3,-73.81837598474127
26636121666.7,-80.35810804811976
26641120000.0,-76.08093176436273
26646118333.3,-67.34822951490669
26651116666.7,-75.73901002130499
26656115000.0,-74.30548620940922
26661113333.3,-71.8202937483731
26666111666.7,-90.09813906789165
26671110000.0,-77.1346312860919
26676108333.3,-80.61635547566178
26681106666.7,-92.306110571106
26686105000.0,-75.72942324296909
26691103333.3,-74.61332743367585
26696101666.7,-74.09037906267572
26701100000.0,-77.83630548158327
26706098333.3,-71.65451760044131
26711096666.7,-75.10522292537405
26716095000.0,-78.31151728515647
26721093333.3,-86.60710005092314
26726091666.7,-76.02874502441111
26731090000.0,-72.80606730431471
26736088333.3,-77.11866772766149
26741086666.7,-73.7636507041896
26746085000.0,-71.790340909474
26751083333.3,-78.62628524815858
26756081666.7,-79.05053355060352
26761080000.0,-75.13159802530635
26766078333.3,-71.28847926633196
26771076666.7,-77.37752356591906
26776075000.0,-71.25541421090044
26781073333.3,-76.37940664610115
26786071666.7,-78.39919560640627
26791070000.0,-78.08123731110125
26796068333.3,-82.14169636195761
26801066666.7,-68.98538139326513
26806065000.0,-76.58755993566476
26811063333.3,-77.01412092972004
26816061666.7,-74.41306136060064
26821060000.0,-74.63302725165009
26826058333.3,-72.8634796034268
26831056666.7,-75.89798363402137
26836055000.0,-80.66168020865905
26841053333.3,-79.09172823096802
26846051666.7,-76.09909003860936
26851050000.0,-91.71567306043616
26856048333.3,-74.2376673810074
26861046666.7,-71.55045053624364
26866045000.0,-78.10688897842708
26871043333.3,-73.53092195680776
26876041666.7,-78.99194303119802
26881040000.0,-70.61898891082437
26886038333.3,-79.06640288039117
26891036666.7,-78.6556364221487
26896035000.0,-74.01247031514374
26901033333.3,-83.05318438329141
26906031666.7,-75.12288271617598
26911030000.0,-80.07383188040451
26916028333.3,-80.75923276044328
26921026666.7,-70.78949606484275
26926025000.0,-66.55261169834856
26931023333.3,-76.05945685569338
26936021666.7,-87.2220445765082
26941020000.0,-75.16340433327765
26946018333.3,-69.478687465932
26951016666.7,-92.57163251663604
26956015000.0,-73.2452430999952
26961013333.3,-73.3479641053528
26966011666.7,-93.00026628502098
26971010000.0,-76.82259631256053
26976008333.3,-73.4135291332767
26981006666.7,-75.96331786511945
26986005000.0,-73.38466379139213
26991003333.3,-71.68103977182925
26996001666.7,-74.65257203137918
27001000000.0,-75.08495635316987
27005998333.3,-72.761804738251
27010996666.7,-77.58821156786452
27015995000.0,-79.04081311295312
27020993333.3,-73.4485381554197
27025991666.7,-75.6551159804797
27030990000.0,-87.0612822107617
27035988333.3,-73.77612798270034
27040986666.7,-74.45467983822637
27045985000.0,-74.32046924774633
27050983333.3,-78.56692328528413
27055981666.7,-82.92030103219155
27060980000.0,-76.0738576108896
27065978333.3,-75.27401318454072
27070976666.7,-78.42022543264372
27075975000.0,-77.47063865317044
27080973333.3,-80.98574883883552
27085971666.7,-82.79692453555595
27090970000.0,-77.37884832261385
27095968333.3,-79.88642998911143
27100966666.7,-73.99985106044217
27105965000.0,-89.18151220509824
27110963333.3,-73.70928615122548
27115961666.7,-84.85744999596554
27120960000.0,-77.53817829456005
27125958333.3,-71.418161526325
27130956666.7,-86.10806465113419
27135955000.0,-78.50268508225471
27140953333.3,-73.19441326810431
27145951666.7,-73.94752576985556
27150950000.0,-77.31570351703083
27155948333.3,-74.51218710332355
27160946666.7,-88.74766394119425
27165945000.0,-78.26538198604355
27170943333.3,-74.15149577301645
27175941666.7,-78.63088824700442
27180940000.0,-81.26230260080462
27185938333.3,-97.82103155166125
27190936666.7,-82.60865640922137
27195935000.0,-77.46727597857412
27200933333.3,-88.77966554246797
27205931666.7,-71.84088665845229
27210930000.0,-71.63007509564919
27215928333.3,-72.33022628740672
27220926666.7,-77.60911035976162
27225925000.0,-69.43811071724404
27230923333.3,-74.67376228627786
27235921666.7,-78.98162885650076
27240920000.0,-92.82820255688344
27245918333.3,-79.29944409696924
27250916666.7,-83.6933943250999
27255915000.0,-69.96968603307168
27260913333.3,-75.427677720736
27265911666.7,-69.66346862811031
27270910000.0,-76.8245868467571
27275908333.3,-80.58211639240614
27280906666.7,-77.6678187923825
27285905000.0,-77.20548633462406
27290903333.3,-76.37175232879297
27295901666.7,-72.58858389827893
27300900000.0,-86.41896203850513
27305898333.3,-72.75457262732176
27310896666.7,-81.66068326194429
27315895000.0,-73.29493318312745
27320893333.3,-81.09974085605357
27325891666.7,-76.61598978430735
27330890000.0,-78.63674838018594
27335888333.3,-78.79430087945362
27340886666.7,-77.72597864377089
27345885000.0,-72.33528128928546
27350883333.3,-69.91176210532798
27355881666.7,-82.17927441396665
27360880000.0,-81.85966108546523
27365878333.3,-86.82088581236422
27370876666.7,-73.92243507523946
27375875000.0,-80.22416904860025
27380873333.3,-74.50797628780249
27385871666.7,-74.22321348176014
27390870000.0,-82.05553026469309
27395868333.3,-78.30248778168384
27400866666.7,-79.22687692874582
27405865000.0,-74.36220109660876
27410863333.3,-78.3592267074589
27415861666.7,-68.58069509103181
27420860000.0,-76.53903905899931
27425858333.3,-81.14353234579839
27430856666.7,-75.55828423678322
27435855000.0,-74.1891270733721
27440853333.3,-75.24573939985962
27445851666.7,-80.64657257579589
27450850000.0,-73.33559792983972
27455848333.3,-77.82135986211574
27460846666.7,-81.12844928913779
27465845000.0,-79.99559596916501
27470843333.3,-70.28898251879286
27475841666.7,-83.40366377594238
27480840000.0,-71.96093602424614
27485838333.3,-74.07840292487268
27490836666.7,-81.30065341333167
27495835000.0,-73.52791099762312
27500833333.3,-77.0398509367064
27505831666.7,-84.70298470000274
27510830000.0,-76.62045500399519
27515828333.3,-72.97238125067653
27520826666.7,-88.16216689308325
27525825000.0,-72.81938095609871
27530823333.3,-86.10618588805644
27535821666.7,-77.48128830126579
27540820000.0,-75.72268887773406
27545818333.3,-77.33972967157781
27550816666.7,-79.0564765407154
27555815000.0,-75.5678599450286
27560813333.3,-79.74736058094429
27565811666.7,-81.16456144054413
27570810000.0,-76.27048671112196
27575808333.3,-76.46458965623758
27580806666.7,-73.72673718625185
27585805000.0,-72.77169934028522
27590803333.3,-72.95531669075221
27595801666.7,-83.59674399193439
27600800000.0,-75.66938200037308
27605798333.3,-82.44481914076897
27610796666.7,-84.91137448635087
27615795000.0,-73.94396741847865
27620793333.3,-71.90091785192266
27625791666.7,-75.59200050680707
27630790000.0,-76.91749331012788
27635788333.3,-72.80944245161857
27640786666.7,-88.52198806293961
27645785000.0,-77.51090973464056
27650783333.3,-79.73643534773754
27655781666.7,-77.15891208314949
27660780000.0,-72.07441511119333
27665778333.3,-70.38816828727619
27670776666.7,-83.98054697333782
27675775000.0,-83.01883335068973
27680773333.3,-79.68492186481836
27685771666.7,-81.90823315117294
27690770000.0,-81.67836574697697
27695768333.3,-70.98513875242955
27700766666.7,-75.76679763663716
27705765000.0,-84.39435189582764
27710763333.3,-70.41362106185146
27715761666.7,-74.98907477117527
27720760000.0,-71.18952677537696
27725758333.3,-74.38848600229564
27730756666.7,-70.35451882075394
27735755000.0,-76.8661019271934
27740753333.3,-72.27315467177368
27745751666.7,-81.50631853761611
27750750000.0,-78.6882746559994
27755748333.3,-79.21418774552197
27760746666.7,-82.97743681377852
27765745000.0,-78.98763912390709
27770743333.3,-75.32557195136641
27775741666.7,-94.81919157677942
27780740000.0,-82.03162821952878
27785738333.3,-79.36599017693152
27790736666.7,-83.91828994369844
27795735000.0,-78.6471593163663
27800733333.3,-82.11520636018793
27805731666.7,-73.60551147152377
27810730000.0,-82.25664463800541
27815728333.3,-70.56814158129023
27820726666.7,-70.70064835132827
27825725000.0,-89.37384085322556
27830723333.3,-82.7847347442264
27835721666.7,-80.33012762665449
27840720000.0,-73.92811078916074
27845718333.3,-82.18127753314961
27850716666.7,-73.07280416989529
27855715000.0,-75.38294551415254
27860713333.3,-79.6737710180033
27865711666.7,-73.85884550448796
27870710000.0,-78.02690413003181
27875708333.3,-80.70113411670724
27880706666.7,-82.60741021602422
27885705000.0,-75.72907606285779
27890703333.3,-70.2066555926037
27895701666.7,-73.65480151515834
27900700000.0,-71.93900923021941
27905698333.3,-76.03584858973718
27910696666.7,-79.89214605476653
27915695000.0,-79.71384531301587
27920693333.3,-78.83052862039841
27925691666.7,-73.65759263573699
27930690000.0,-76.14745015016152
27935688333.3,-74.52618419188447
27940686666.7,-71.17693311749589
27945685000.0,-80.68396222749925
27950683333.3,-81.79421791878212
27955681666.7,-72.42979267444115
27960680000.0,-80.21879876090284
27965678333.3,-81.12679788444183
27970676666.7,-75.42176651251576
27975675000.0,-73.06554657197994
27980673333.3,-82.52688700521065
27985671666.7,-87.34056053845083
27990670000.0,-77.30348361534925
27995668333.3,-73.65580934582334
28000666666.7,-78.51791575010508
28005665000.0,-80.84921931831747
28010663333.3,-77.81709046039052
28015661666.7,-81.07264260223879
28020660000.0,-73.33005947519608
28025658333.3,-77.85594063367783
28030656666.7,-77.0606227958325
28035655000.0,-82.32304699232003
28040653333.3,-89.2736724637458
28045651666.7,-76.05506138687267
28050650000.0,-80.88920309139893
28055648333.3,-80.20644079203242
28060646666.7,-77.76922395987758
28065645000.0,-73.44958120319883
28070643333.3,-76.90410874929012
28075641666.7,-80.75981936787434
28080640000.0,-84.51066792632284
28085638333.3,-89.08137235632852
28090636666.7,-80.0033049228138
28095635000.0,-76.50346332025873
28100633333.3,-77.6587235665314
28105631666.7,-73.57743961589253
28110630000.0,-77.51886057985489
28115628333.3,-75.95543365188108
28120626666.7,-75.63595244212466
28125625000.0,-73.54283575285466
28130623333.3,-92.19692239404705
28135621666.7,-76.3229647558139
28140620000.0,-71.14965622580229
28145618333.3,-70.59744608631628
28150616666.7,-75.15111971303621
28155615000.0,-78.01353993073353
28160613333.3,-74.97298596917707
28165611666.7,-71.41053752095536
28170610000.0,-71.91615252069542
28175608333.3,-72.61609270584032
28180606666.7,-82.98607650989693
28185605000.0,-72.46873967049552
28190603333.3,-72.89322693447143
28195601666.7,-76.45702178624595
28200600000.0,-89.62121264852654
28205598333.3,-84.41297171672934
28210596666.7,-82.51909466245351
28215595000.0,-76.75434680477268
28220593333.3,-69.60528712245714
28225591666.7,-83.69743225231217
28230590000.0,-73.24169947086982
28235588333.3,-81.73465778159093
28240586666.7,-76.91837815639056
28245585000.0,-72.4441806338087
28250583333.3,-83.71114047150344
28255581666.7,-80.43849513923654
28260580000.0,-77.88845872246972
28265578333.3,-71.77323553386861
28270576666.7,-83.47540559525392
28275575000.0,-92.08064606321514
28280573333.3,-94.41040554919135
28285571666.7,-78.14581045975314
28290570000.0,-75.61157266256282
28295568333.3,-88.42451057468396
28300566666.7,-77.20363641162388
28305565000.0,-79.6849428751679
28310563333.3,-78.98263268477949
28315561666.7,-80.8323080554709
28320560000.0,-77.73900273270402
28325558333.3,-72.50342896101293
28330556666.7,-78.1196739928976
28335555000.0,-94.93825559056405
28340553333.3,-75.93063414867521
28345551666.7,-72.89229930576172
28350550000.0,-76.86209898859516
28355548333.3,-79.0670933018607
28360546666.7,-76.08105375585984
28365545000.0,-80.75219479788244
28370543333.3,-80.79825797276442
28375541666.7,-75.49250475772183
28380540000.0,-84.255048080055
28385538333.3,-79.57701816901219
28390536666.7,-78.84265890217469
28395535000.0,-82.82322782124352
28400533333.3,-75.26980595406043
28405531666.7,-83.09303609353864
28410530000.0,-70.90414390659379
28415528333.3,-78.51229686668535
28420526666.7,-77.6378712653331
28425525000.0,-85.09114267972686
28430523333.3,-78.6597137938119
28435521666.7,-87.10655366673934
28440520000.0,-77.0187444330046
28445518333.3,-80.1871143309792
28450516666.7,-75.5198299454575
28455515000.0,-83.09033962349362
28460513333.3,-84.81898038618935
28465511666.7,-87.49841102047719
28470510000.0,-83.04525919006588
28475508333.3,-87.11424353775251
28480506666.7,-74.76939048503162
28485505000.0,-70.52732772243614
28490503333.3,-74.30185301188972
28495501666.7,-83.78561126910415
28500500000.0,-79.20532626576488
28505498333.3,-76.63971021980329
28510496666.7,-90.98199413463703
28515495000.0,-78.73704773605608
28520493333.3,-73.48979116355646
28525491666.7,-83.11708565250095
28530490000.0,-74.81945937250879
28535488333.3,-73.54181553117462
28540486666.7,-72.40689586086164
28545485000.0,-75.8712802024515
28550483333.3,-76.94090680829348
28555481666.7,-99.75494734787836
28560480000.0,-70.21815927657066
28565478333.3,-86.25590493935513
28570476666.7,-79.55301060354695
28575475000.0,-81.30076694215882
28580473333.3,-77.7024914615742
28585471666.7,-78.22951748561445
28590470000.0,-79.87018356833113
28595468333.3,-80.01821433575698
28600466666.7,-85.78580609048981
28605465000.0,-86.32022584247807
28610463333.3,-76.87255905698068
28615461666.7,-75.29825837459944
28620460000.0,-82.87985462701327
28625458333.3,-80.18006765597137
28630456666.7,-84.97165594619622
28635455000.0,-76.50272199376084
28640453333.3,-75.69210006266447
28645451666.7,-72.04751458259581
28650450000.0,-75.13697926526385
28655448333.3,-74.5387507634727
28660446666.7,-78.9850812507021
28665445000.0,-82.07800547371569
28670443333.3,-81.33419075140928
28675441666.7,-81.1824171626646
28680440000.0,-78.33565561403138
28685438333.3,-87.43234776507813
28690436666.7,-78.49552541677232
28695435000.0,-73.34287613172573
28700433333.3,-71.10703546592993
28705431666.7,-82.84763648847515
28710430000.0,-78.58363999200402
28715428333.3,-81.31634984402703
28720426666.7,-75.12705536236288
28725425000.0,-77.95150137685754
28730423333.3,-78.26081117628394
28735421666.7,-75.23457565612182
28740420000.0,-79.34183123085249
28745418333.3,-75.66512657983844
28750416666.7,-71.46053151411172
28755415000.0,-77.79563145545188
28760413333.3,-79.79750533363585
28765411666.7,-87.13453140828338
28770410000.0,-80.03597054143995
28775408333.3,-73.84639146120205
28780406666.7,-73.99273474089247
28785405000.0,-73.78492909467775
28790403333.3,-76.53049167679926
28795401666.7,-76.7660992800662
28800400000.0,-72.66435225684805
28805398333.3,-78.99789563918706
28810396666.7,-78.93801698347494
28815395000.0,-73.24460564490393
28820393333.3,-80.38796599905385
28825391666.7,-74.89118898905214
28830390000.0,-76.4296107972724
28835388333.3,-77.92840224087361
28840386666.7,-69.58722772284202
28845385000.0,-88.07218078649032
28850383333.3,-80.17340190778881
28855381666.7,-78.99629448105861
28860380000.0,-79.77238188652116
28865378333.3,-93.03481366608085
28870376666.7,-79.97736241669033
28875375000.0,-81.127787742123
28880373333.3,-90.30181702891139
28885371666.7,-78.48724912827143
28890370000.0,-79.72102140962805
28895368333.3,-73.18383950471527
28900366666.7,-80.3945132431956
28905365000.0,-77.19429061323054
28910363333.3,-75.45997784463057
28915361666.7,-75.46427258011667
28920360000.0,-72.97595222971863
28925358333.3,-79.83393762764118
28930356666.7,-84.8417163139493
28935355000.0,-73.47729649636881
28940353333.3,-73.99215200544242
28945351666.7,-86.19735060751076
28950350000.0,-79.61083216562086
28955348333.3,-85.80270029893528
28960346666.7,-82.5844562239019
28965345000.0,-75.7182341871909
28970343333.3,-80.57718538830196
28975341666.7,-74.08769635228894
28980340000.0,-77.57207590719139
28985338333.3,-76.17395675070188
28990336666.7,-76.113094653518
28995335000.0,-79.251234770506
29000333333.3,-72.9938909913896
29005331666.7,-85.95387599266778
29010330000.0,-74.12532649683116
29015328333.3,-85.24484611364701
29020326666.7,-73.98706592314299
29025325000.0,-77.61767865052299
29030323333.3,-95.83173850610268
29035321666.7,-91.00167909150392
29040320000.0,-81.95778201244693
29045318333.3,-75.5654913089801
29050316666.7,-70.8266765567483
29055315000.0,-77.253413973538
29060313333.3,-87.69162572783648
29065311666.7,-78.50183088034676
29070310000.0,-71.83871512264233
29075308333.3,-74.6593093630585
29080306666.7,-74.79340619515591
29085305000.0,-77.08415937490061
29090303333.3,-72.56811406443606
29095301666.7,-73.2797189997126
29100300000.0,-82.46333121243927
29105298333.3,-81.55677098559588
29110296666.7,-82.58524738630462
29115295000.0,-76.20541210254315
29120293333.3,-83.63946090060216
29125291666.7,-74.11757894465202
29130290000.0,-80.73334169890586
29135288333.3,-82.20701796655223
29140286666.7,-81.20412155726343
29145285000.0,-88.59087061679244
29150283333.3,-81.43807523621682
29155281666.7,-80.80377026953214
29160280000.0,-73.81030453596436
29165278333.3,-77.7900079353538
29170276666.7,-85.7014172260334
29175275000.0,-79.44756983656005
29180273333.3,-102.03505797372108
29185271666.7,-72.54174720558812
29190270000.0,-74.1366878974091
29195268333.3,-74.60825566783716
29200266666.7,-80.73030730064912
29205265000.0,-75.82407836455106
29210263333.3,-90.1378863036858
29215261666.7,-91.39920946897205
29220260000.0,-80.57069061292468
29225258333.3,-78.92448161298022
29230256666.7,-75.66974893148766
29235255000.0,-78.94197271142075
29240253333.3,-77.080370775167
29245251666.7,-83.03540448890486
29250250000.0,-76.5511766232066
29255248333.3,-74.18577710503278
29260246666.7,-78.65246357356946
29265245000.0,-92.66490681361122
29270243333.3,-80.64704479146143
29275241666.7,-84.87467505771689
29280240000.0,-97.50194082274811
29285238333.3,-72.30049052967543
29290236666.7,-84.47691428975523
29295235000.0,-78.90120357631203
29300233333.3,-70.54228147904655
29305231666.7,-76.92819830323627
29310230000.0,-81.32120188748013
29315228333.3,-79.1266365296294
29320226666.7,-77.88450048913619
29325225000.0,-88.42303570426654
29330223333.3,-80.76841194482755
29335221666.7,-79.86970499945726
29340220000.0,-81.09951931726366
29345218333.3,-77.14808503514116
29350216666.7,-81.48237700678537
29355215000.0,-77.45563729370966
29360213333.3,-73.14573733608718
29365211666.7,-77.55982477241453
29370210000.0,-79.11240787817265
29375208333.3,-75.17645961840712
29380206666.7,-81.21685627163471
29385205000.0,-74.22748829870612
29390203333.3,-87.05816181033583
29395201666.7,-88.27817765026481
29400200000.0,-83.40601514471614
29405198333.3,-79.20959602240346
29410196666.7,-77.4225189389995
29415195000.0,-75.79080000668449
29420193333.3,-78.9568160633164
29425191666.7,-83.98691080113699
29430190000.0,-83.36319019179916
29435188333.3,-80.08741669504408
29440186666.7,-87.13060857704127
29445185000.0,-77.21180060592735
29450183333.3,-80.69942172838937
29455181666.7,-74.10648181382061
29460180000.0,-75.24763732521987
29465178333.3,-73.22381877528277
29470176666.7,-80.70780410665714
29475175000.0,-72.41059165731787
29480173333.3,-87.72617345692092
29485171666.7,-78.44843249437653
29490170000.0,-85.81323061571872
29495168333.3,-76.33265618630097
29500166666.7,-77.38339449474995
29505165000.0,-82.87087547030063
29510163333.3,-91.94003707134007
29515161666.7,-80.34059449952436
29520160000.0,-72.16773708817522
29525158333.3,-83.5483625412033
29530156666.7,-76.45756283851138
29535155000.0,-71.17063434667799
29540153333.3,-88.29475357544077
29545151666.7,-87.6118796886331
29550150000.0,-74.58019516875873
29555148333.3,-73.3746065589371
29560146666.7,-84.61818449375203
29565145000.0,-75.14292732150456
29570143333.3,-71.50752190381775
29575141666.7,-80.10503356151088
29580140000.0,-81.4289043496379
29585138333.3,-80.98082682664267
29590136666.7,-72.53287548691905
29595135000.0,-77.57277366685757
29600133333.3,-83.2002172351493
29605131666.7,-81.19418795663036
29610130000.0,-74.24510144698034
29615128333.3,-82.0097418308388
29620126666.7,-74.86694154043124
29625125000.0,-67.78536610077421
29630123333.3,-97.38005016657675
29635121666.7,-81.9088508994942
29640120000.0,-78.59005887155948
29645118333.3,-81.2363323048929
29650116666.7,-74.22245585824274
29655115000.0,-79.39515690052488
29660113333.3,-79.12731193584976
29665111666.7,-78.98941004144707
29670110000.0,-83.23059399871622
29675108333.3,-78.73148766713237
29680106666.7,-83.09156194623219
29685105000.0,-84.93528785193664
29690103333.3,-85.52311937048844
29695101666.7,-86.42663061788784
29700100000.0,-76.74832029825419
29705098333.3,-81.12746750634336
29710096666.7,-78.92378308918907
29715095000.0,-78.30195837601681
29720093333.3,-73.09937952581747
29725091666.7,-79.34715823545912
29730090000.0,-81.49028235292889
29735088333.3,-75.23422067136048
29740086666.7,-76.50213887846091
29745085000.0,-79.60260512363847
29750083333.3,-83.78645699864873
29755081666.7,-74.83015365298567
29760080000.0,-77.65997742220125
29765078333.3,-79.51838744422263
29770076666.7,-75.64342971814484
29775075000.0,-74.40032625582302
29780073333.3,-78.05881837794013
29785071666.7,-74.69346500962607
29790070000.0,-74.57023420700442
29795068333.3,-74.93694837301891
29800066666.7,-71.79541006203605
29805065000.0,-84.25576953942755
29810063333.3,-82.2456576625571
29815061666.7,-81.79835828687963
29820060000.0,-85.53549489735187
29825058333.3,-82.89684884435772
29830056666.7,-74.42454127894844
29835055000.0,-71.1630656821256
29840053333.3,-71.24841490347472
29845051666.7,-83.29987048551546
29850050000.0,-83.79798116728989
29855048333.3,-75.49616518555054
29860046666.7,-80.9720281120936
29865045000.0,-85.66027172906844
29870043333.3,-81.35898181016617
29875041666.7,-77.48974800907936
29880040000.0,-77.73716239394628
29885038333.3,-75.48523814694236
29890036666.7,-81.91786185776644
29895035000.0,-77.6333930803571
29900033333.3,-93.00940675058905
29905031666.7,-78.8817953508459
29910030000.0,-74.49609184044735
29915028333.3,-77.56597917211039
29920026666.7,-80.90775711398747
29925025000.0,-88.51194028368609
29930023333.3,-78.81120173092884
29935021666.7,-83.15152230792988
29940020000.0,-76.00430794431092
29945018333.3,-78.78338885504175
29950016666.7,-77.98964366346834
29955015000.0,-86.32936578013819
29960013333.3,-82.25947556056683
29965011666.7,-83.17593809921195
29970010000.0,-77.30909164794284
29975008333.3,-85.24544729146169
29980006666.7,-78.21764071923641
29985005000.0,-73.53751102877412
29990003333.3,-75.92009259365389
29995001666.7,-83.8200910784215
30000000000.0,-76.27656093623702
